[[1806.3562242819462], [1257.6850386335764], [13.977598163392983], 


 
 
(fault detection) 
[1747.3554262897178], [176.49817746193457], 
[2079.2583075738912], [1251.1529489207287], 
[1190.2380055860776], [504.86050059154422], 


(1042,120)
[982.72770677559492], [221.81084584331711],


(1867,729)
[1912.1779685799847], [642.13723853122337],

(1600,1400)
[1550.8006565064734], [1524.3576290234405],

(900,1200)
[978.24219325454578], [1088.3737288308757],
[842.27137030418089], [1581.6694744383622]]


(500,800)
[387.92661579827109], [806.97110225725828], 


(200,1600)
[224.76332045844356], [1544.4954096674355],









