F 521.213203 21.213203 0.785398 
E 0.000000 0.000000 0.000000 0.000000 
W C 982.8 75.6 1848.5 695.7 1577.5 1429.6 920.3 1219.8 483.8 820.0 223.5 1586.7 
W E 0.117 600.0 365.0 -2.671 600.0 1169.3 -0.644 1382.7 600.0 -0.321 992.2 600.0 0.047 628.0 600.0 0.188 1251.6 600.0 
D C 364.9 -287.9 1415.4 -461.6 1742.8 248.9 1129.7 565.4 538.4 591.2 896.5 1317.5 
F 521.213203 21.213203 0.785398 
E 0.000000 0.000000 0.000000 0.000000 
W C 983.5 75.7 1849.1 696.0 1577.2 1429.2 920.3 1219.9 483.8 821.6 223.4 1587.6 
W E 0.117 424.3 258.1 -2.671 424.3 826.8 -0.644 977.7 424.3 -0.321 701.6 424.3 0.047 444.1 424.3 0.188 885.0 424.3 
D C 366.0 -288.8 1416.7 -462.0 1741.8 248.8 1129.9 565.4 540.6 593.7 897.6 1319.0 
F 521.213203 21.213203 0.785398 
E 0.000000 0.000000 0.000000 0.000000 
W C 983.9 75.7 1849.7 696.3 1577.1 1429.1 920.4 1220.4 483.7 822.6 223.0 1589.4 
W E 0.117 346.4 210.9 -2.671 346.4 675.2 -0.644 798.2 346.4 -0.321 572.8 346.4 0.047 362.8 346.4 0.188 722.7 346.4 
D C 366.2 -289.0 1418.2 -462.5 1741.8 248.8 1131.1 566.1 541.5 594.6 900.0 1322.6 
F 521.213203 21.213203 0.785398 
E 0.000000 0.000000 0.000000 0.000000 
W C 984.0 75.8 1849.9 696.4 1576.4 1428.0 920.4 1220.2 483.7 822.7 223.1 1588.8 
W E 0.117 300.0 182.7 -2.671 300.0 584.8 -0.644 691.2 300.0 -0.321 496.2 300.0 0.047 314.4 300.0 0.188 626.1 300.0 
D C 366.2 -288.9 1417.4 -462.3 1737.0 248.1 1129.5 565.3 540.5 593.6 896.8 1317.9 
F 521.213203 21.213203 0.785398 
E 0.000000 0.000000 0.000000 0.000000 
W C 983.8 75.7 1850.3 696.6 1576.2 1427.9 920.3 1219.9 483.7 821.8 223.1 1588.9 
W E 0.117 268.3 163.5 -2.671 268.3 523.2 -0.644 618.1 268.3 -0.321 443.8 268.3 0.047 281.4 268.3 0.188 560.1 268.3 
D C 365.1 -288.1 1419.4 -462.9 1739.8 248.5 1128.6 564.8 537.0 589.7 898.0 1319.6 
F 521.213203 21.213203 0.785398 
E 0.000000 0.000000 0.000000 0.000000 
W C 983.7 75.7 1849.7 696.3 1576.2 1427.8 920.3 1219.9 483.8 821.4 223.2 1588.6 
W E 0.117 244.9 149.2 -2.671 244.9 477.7 -0.644 564.2 244.9 -0.321 405.1 244.9 0.047 256.9 244.9 0.188 511.4 244.9 
D C 365.1 -288.1 1413.4 -460.9 1740.2 248.6 1129.9 565.5 538.2 591.0 896.5 1317.5 
F 521.213203 21.213203 0.785398 
E 0.000000 0.000000 0.000000 0.000000 
W C 983.6 75.7 1849.9 696.4 1575.7 1427.1 920.4 1220.3 483.8 821.5 223.2 1588.5 
W E 0.117 226.8 138.2 -2.671 226.8 442.3 -0.644 522.3 226.8 -0.321 375.1 226.8 0.047 237.8 226.8 0.188 473.5 226.8 
D C 364.7 -287.8 1418.5 -462.6 1734.9 247.8 1132.6 566.8 539.8 592.8 897.2 1318.4 
F 521.213203 21.213203 0.785398 
E 0.000000 0.000000 0.000000 0.000000 
W C 983.5 75.7 1850.0 696.4 1575.6 1427.0 920.5 1220.5 483.7 821.7 223.2 1588.5 
W E 0.117 212.1 129.3 -2.671 212.1 413.7 -0.644 488.5 212.1 -0.321 350.8 212.1 0.047 222.5 212.1 0.188 442.9 212.1 
D C 364.9 -287.9 1417.5 -462.3 1738.0 248.2 1131.9 566.5 540.7 593.8 897.5 1318.9 
F 521.213203 21.213203 0.785398 
E 0.000000 0.000000 0.000000 0.000000 
W C 983.4 75.7 1850.0 696.4 1575.6 1427.0 920.6 1220.8 483.7 821.7 223.2 1588.6 
W E 0.117 200.0 121.9 -2.671 200.0 390.1 -0.644 460.5 200.0 -0.321 330.8 200.0 0.047 209.7 200.0 0.188 417.6 200.0 
D C 365.2 -288.2 1416.6 -462.0 1739.8 248.5 1132.5 566.8 539.6 592.6 898.1 1319.8 
F 521.213203 21.213203 0.785398 
E 0.000000 0.000000 0.000000 0.000000 
W C 983.5 75.7 1849.7 696.8 1575.6 1427.0 920.6 1220.7 483.7 821.7 223.2 1588.5 
W E 0.117 189.7 115.6 -2.671 189.7 370.1 -0.644 436.8 189.7 -0.321 313.8 189.7 0.047 199.0 189.7 0.188 396.2 189.7 
D C 365.8 -288.6 1417.7 -457.6 1739.7 248.5 1129.9 565.5 539.5 592.4 897.2 1318.4 
F 521.213203 21.213203 0.785398 
E 0.000000 0.000000 0.000000 0.000000 
W C 983.3 75.7 1849.9 696.8 1575.6 1426.9 920.6 1221.0 483.7 821.8 223.2 1588.7 
W E 0.117 180.9 110.2 -2.671 180.9 352.9 -0.644 416.5 180.9 -0.321 299.2 180.9 0.047 189.7 180.9 0.188 377.7 180.9 
D C 364.1 -287.3 1419.0 -462.8 1739.0 248.4 1133.0 567.0 539.7 592.7 898.8 1320.8 
F 521.213203 21.213203 0.785398 
E 0.000000 0.000000 0.000000 0.000000 
W C 983.3 75.7 1849.9 696.8 1575.7 1427.2 920.7 1221.1 483.7 821.7 223.2 1588.6 
W E 0.117 173.2 105.5 -2.671 173.2 337.8 -0.644 398.7 173.2 -0.321 286.5 173.2 0.047 181.7 173.2 0.188 361.7 173.2 
D C 364.5 -287.7 1416.9 -462.1 1743.3 249.0 1132.5 566.8 539.1 592.1 896.9 1318.1 
F 521.213203 21.213203 0.785398 
E 0.000000 0.000000 0.000000 0.000000 
W C 983.2 75.7 1850.3 697.0 1575.8 1427.3 920.7 1221.0 483.7 821.9 223.2 1588.6 
W E 0.117 166.4 101.4 -2.671 166.4 324.6 -0.644 383.0 166.4 -0.321 275.3 166.4 0.047 174.5 166.4 0.188 347.5 166.4 
D C 365.0 -288.0 1423.0 -464.1 1741.8 248.8 1130.1 565.6 541.0 594.1 897.9 1319.5 
F 538.723130 38.726076 0.785447 
E 2.356215 0.952048 6.130702 0.076843 
W C 984.6 77.0 1851.5 698.2 1577.1 1428.6 921.9 1222.3 485.0 823.1 224.4 1589.8 
W E 0.115 160.3 97.4 -2.672 160.4 312.6 -0.643 368.9 160.4 -0.321 265.1 160.4 0.048 168.0 160.4 0.189 334.7 160.4 
D C 365.2 -288.2 1416.0 -461.8 1740.2 248.6 1131.2 566.1 539.4 592.4 896.8 1317.9 
F 570.010541 69.964667 0.784845 
E 2.356246 4.925640 12.550591 0.144119 
W C 987.6 80.1 1853.8 700.7 1579.0 1430.7 923.3 1222.0 487.3 825.4 226.3 1592.3 
W E 0.106 154.8 93.6 -2.673 154.9 301.6 -0.643 356.1 154.9 -0.319 255.7 154.9 0.047 162.0 154.9 0.191 323.4 154.9 
D C 352.2 -286.8 1402.9 -457.5 1715.5 250.4 1074.3 550.0 518.5 594.6 878.1 1325.0 
F 601.597304 101.464125 0.783700 
E 0.783615 16.717514 10.295721 0.172668 
W C 991.0 83.5 1856.5 702.9 1581.7 1432.5 925.5 1222.5 490.2 828.1 228.7 1594.8 
W E 0.092 149.6 90.0 -2.674 150.0 291.9 -0.643 344.7 150.0 -0.317 247.3 150.0 0.042 156.6 150.0 0.194 313.5 150.0 
D C 313.8 -287.5 1365.2 -463.9 1681.8 240.2 1048.8 549.2 488.9 592.9 846.9 1321.6 
F 633.415737 132.827848 0.781104 
E 0.774468 20.029952 15.904692 0.190880 
W C 995.2 87.6 1858.8 704.9 1584.6 1434.0 927.9 1222.5 493.5 830.3 228.9 1594.9 
W E 0.071 144.6 86.7 -2.675 145.6 283.1 -0.642 334.5 145.5 -0.315 239.7 145.6 0.031 151.8 145.5 0.194 313.2 150.0 
D C 279.2 -282.2 1324.1 -454.4 1640.5 244.6 1000.7 547.8 445.3 586.2 
F 633.315228 132.692682 0.780888 
E 0.774072 19.979235 14.995055 0.171439 
W C 997.3 90.1 1858.5 705.5 1586.4 1434.6 929.5 1221.8 495.9 831.6 229.0 1594.9 
W E 0.057 140.2 84.0 -2.677 141.5 275.5 -0.641 325.6 141.5 -0.313 233.1 141.5 0.026 147.6 141.4 0.194 313.1 150.0 
D C 260.9 -280.4 1277.2 -447.1 1622.9 242.0 985.4 543.3 432.6 584.3 
F 665.056114 163.854349 0.778790 
E 0.750150 22.755406 20.131368 0.192357 
W C 999.6 92.5 1858.2 705.7 1587.6 1434.6 930.9 1220.8 497.8 832.6 229.1 1594.9 
W E 0.035 135.7 81.4 -2.678 137.7 268.3 -0.641 317.3 137.7 -0.310 226.8 137.7 0.013 143.7 137.6 0.194 313.1 150.0 
D C 216.5 -277.0 1229.1 -443.0 1564.3 248.0 933.0 544.7 379.5 588.2 
F 696.840344 194.930288 0.777927 
E -0.222130 25.405288 25.115462 0.202697 
W C 1003.7 95.7 1858.3 706.2 1589.6 1434.7 933.1 1220.1 500.1 834.2 229.1 1594.9 
W E 0.005 131.0 79.0 -2.680 134.3 261.5 -0.640 309.5 134.3 -0.308 220.9 134.3 -0.009 140.1 134.1 0.194 313.1 150.0 
D C 187.9 -278.9 1197.8 -440.1 1532.9 243.0 902.1 541.6 348.6 590.7 
F 728.563930 225.702885 0.773393 
E -0.733488 30.393642 27.371881 0.208164 
W C 1009.2 99.1 1859.0 707.0 1592.0 1434.9 935.5 1220.1 502.9 836.3 229.2 1594.9 
W E -0.030 126.0 76.9 -2.681 131.1 255.1 -0.640 302.2 131.1 -0.305 215.3 131.1 -0.039 136.8 130.8 0.194 313.0 150.0 
D C 155.6 -276.2 1169.5 -441.9 1500.5 242.6 873.3 546.4 318.8 593.1 
F 760.174840 256.262555 0.771958 
E -0.757690 35.302005 29.350317 0.211591 
W C 1016.3 102.7 1859.8 707.8 1594.4 1435.5 938.0 1220.2 505.7 838.6 229.1 1594.8 
W E -0.072 120.7 75.0 -2.683 128.1 249.0 -0.639 295.2 128.1 -0.303 210.0 128.1 -0.072 133.8 127.7 0.194 313.0 150.0 
D C 124.8 -274.1 1131.1 -439.3 1466.0 246.2 832.9 546.4 280.4 594.1 
F 759.917757 255.833017 0.770548 
E -0.751441 34.113242 29.195935 0.188648 
W C 1020.0 104.8 1860.1 708.2 1595.8 1435.5 939.6 1219.9 507.4 840.1 229.1 1594.8 
W E -0.105 116.7 73.2 -2.685 125.4 243.6 -0.638 289.0 125.4 -0.300 205.3 125.4 -0.094 131.0 124.8 0.194 313.0 150.0 
D C 113.1 -277.2 1117.5 -438.0 1443.4 251.6 818.1 551.1 264.3 597.6 
F 791.796504 286.702679 0.768031 
E -0.767620 38.713812 31.048325 0.204533 
W C 1023.5 106.4 1860.0 708.5 1596.9 1435.3 941.0 1219.6 508.5 841.5 229.1 1594.8 
W E -0.144 112.2 71.7 -2.687 122.8 238.4 -0.638 283.1 122.8 -0.298 200.8 122.8 -0.119 128.6 122.0 0.194 313.0 150.0 
D C 67.3 -274.8 1066.3 -436.9 1395.6 247.7 770.4 547.0 214.8 601.8 
F 823.176457 318.388441 0.777727 
E -2.356244 32.859399 43.494542 0.216453 
W C 1023.8 106.6 1859.4 710.4 1597.1 1436.5 941.9 1219.5 509.7 842.9 229.0 1594.8 
W E -0.148 112.1 71.5 -2.688 120.4 233.5 -0.637 277.6 120.4 -0.296 196.5 120.4 -0.140 126.3 119.3 0.194 313.0 150.0 
D C 1026.6 -435.5 1364.7 246.5 735.6 539.4 184.2 595.6 
F 823.281706 318.420999 0.777331 
E -2.361109 32.758048 42.590537 0.196218 
W C 1023.8 106.6 1858.5 710.5 1597.0 1436.1 942.0 1218.6 509.6 843.2 229.1 1594.8 
W E -0.150 112.1 71.4 -2.690 118.2 229.2 -0.637 272.6 118.1 -0.294 192.8 118.2 -0.152 124.3 116.9 0.194 313.0 150.0 
D C 997.1 -433.8 1324.9 251.9 698.2 545.7 146.0 600.5 
F 854.944062 350.130694 0.779095 
E -2.375647 34.454060 46.595027 0.206056 
W C 1023.9 106.7 1857.5 711.5 1596.5 1436.5 941.9 1218.2 509.4 843.7 231.7 1596.0 
W E -0.152 112.0 71.2 -2.692 116.0 224.3 -0.636 267.1 116.0 -0.293 188.5 116.1 -0.180 122.2 114.4 0.207 300.5 145.8 
D C 958.2 -434.5 1292.7 249.9 666.4 544.3 474.7 1317.1 112.0 603.8 
F 886.175582 381.267642 0.777641 
E -2.384455 35.898149 50.523300 0.207375 
W C 1030.2 107.6 1856.3 713.0 1596.3 1437.0 942.1 1218.0 509.6 844.8 234.5 1597.3 
W E -0.198 105.3 70.3 -2.693 114.0 219.5 -0.636 261.7 114.0 -0.292 184.4 114.1 -0.203 120.3 112.1 0.220 290.1 141.9 
D C -47.4 -285.1 925.1 -422.9 1257.2 251.0 631.5 545.5 438.5 1317.1 81.6 604.0 
F 917.161814 412.444280 0.775656 
E -2.390928 37.284431 54.433861 0.208703 
W C 1036.0 108.2 1855.5 715.0 1595.9 1437.8 942.4 1218.2 509.8 846.2 237.2 1598.9 
W E -0.239 100.0 69.6 -2.695 112.2 215.0 -0.635 256.5 112.1 -0.292 180.4 112.2 -0.219 118.5 109.8 0.232 281.1 138.4 
D C -78.6 -288.4 896.0 -426.3 1220.4 251.5 601.9 546.3 407.1 1316.5 48.0 606.7 
F 948.489787 444.203743 0.783286 
E -2.395907 38.711481 58.421133 0.212438 
W C 1036.1 108.2 1854.8 716.7 1595.4 1438.6 942.8 1218.1 509.9 847.2 238.7 1599.9 
W E -0.242 99.9 69.5 -2.696 110.4 210.6 -0.635 251.6 110.3 -0.292 176.7 110.4 -0.227 117.0 107.6 0.243 273.1 135.2 
D C 848.2 -429.4 1172.2 252.8 550.1 540.9 358.9 1316.4 -4.2 609.6 
F 979.297583 475.956026 0.789581 
E -2.399787 40.064785 62.388993 0.214425 
W C 1036.1 108.1 1854.6 719.6 1594.9 1440.2 943.7 1218.6 510.5 848.9 239.9 1601.4 
W E -0.244 99.8 69.4 -2.698 108.7 206.5 -0.634 246.9 108.6 -0.293 173.1 108.7 -0.228 115.6 105.5 0.254 265.8 132.3 
D C 833.9 -428.6 1149.7 255.4 535.0 545.7 342.8 1320.9 -21.1 610.9 
F 979.206571 475.839940 0.790400 
E -2.401984 39.890107 61.400495 0.191095 
W C 1036.1 108.0 1854.2 720.8 1594.5 1440.6 944.1 1218.5 510.5 849.7 240.9 1602.3 
W E -0.244 99.8 69.4 -2.699 107.1 202.8 -0.634 242.6 107.0 -0.294 169.9 107.1 -0.228 114.3 103.6 0.263 259.5 129.6 
D C 801.3 -430.7 1119.8 252.3 506.2 542.3 317.0 1321.4 -51.5 614.4 
F 1010.932081 507.495348 0.790551 
E -2.404242 41.196837 65.264336 0.205872 
W C 1036.0 108.0 1853.3 721.7 1594.3 1440.7 944.3 1218.1 510.5 850.3 241.6 1603.2 
W E -0.245 99.8 69.3 -2.700 105.6 199.2 -0.634 238.5 105.5 -0.295 166.9 105.5 -0.224 113.1 101.8 0.272 253.6 127.1 
D C 743.2 -420.3 1069.2 254.8 450.7 543.2 262.7 1326.0 -104.8 612.2 
F 1041.986377 539.256253 0.793188 
E -2.406104 42.439091 69.203241 0.212636 
W C 1035.9 107.9 1852.7 724.0 1594.0 1441.7 945.2 1218.3 510.7 851.3 242.9 1604.1 
W E -0.246 99.8 69.3 -2.701 104.2 195.7 -0.633 234.5 104.1 -0.298 163.9 104.0 -0.218 112.0 100.1 0.280 248.2 124.8 
D C 724.6 -421.6 1054.6 251.3 437.8 541.0 248.2 1316.0 -122.5 613.4 
F 1073.234180 571.084157 0.795917 
E -2.407138 43.630654 73.196522 0.215924 
W C 1035.8 107.8 1852.2 726.0 1593.8 1442.5 946.1 1218.5 510.8 852.3 243.8 1605.0 
W E -0.246 99.8 69.3 -2.702 102.8 192.3 -0.633 230.6 102.7 -0.301 161.2 102.6 -0.209 111.0 98.5 0.288 243.1 122.7 
D C 681.4 -422.0 1006.0 252.8 390.4 541.0 199.3 1322.5 -167.7 618.9 
F 1073.381091 570.723640 0.794638 
E -2.407779 43.427360 72.385704 0.192975 
W C 1035.7 107.7 1851.5 727.2 1593.6 1442.8 946.5 1218.4 510.7 853.1 244.8 1605.7 
W E -0.246 99.8 69.3 -2.702 101.5 189.3 -0.633 227.0 101.4 -0.304 158.7 101.2 -0.201 110.0 97.0 0.295 238.6 120.7 
D C 664.2 -417.0 990.9 255.5 375.1 544.0 182.3 1319.4 -184.1 619.0 
F 1104.761932 602.152721 0.792501 
E -2.407438 44.604758 76.354956 0.211673 
W C 1035.6 107.7 1851.0 728.7 1593.3 1443.5 947.2 1218.5 510.8 853.1 245.8 1606.6 
W E -0.246 99.7 69.2 -2.702 100.3 186.4 -0.633 223.7 100.1 -0.308 156.4 99.9 -0.207 109.9 96.9 0.302 234.5 118.9 
D C 632.6 -416.4 954.7 261.8 340.5 546.0 145.9 1324.3 
F 1135.991327 633.701760 0.794400 
E -2.406420 45.741265 80.454714 0.221118 
W C 1035.5 107.6 1850.6 730.7 1593.2 1444.4 948.4 1219.0 510.8 853.1 246.9 1607.5 
W E -0.247 99.7 69.2 -2.702 99.1 183.7 -0.633 220.5 99.0 -0.312 154.2 98.5 -0.210 109.9 96.8 0.308 230.6 117.2 
D C 600.0 -416.4 924.3 259.6 313.0 545.7 117.1 1324.1 
F 1167.090567 665.106671 0.793765 
E -2.405194 46.825010 84.618682 0.225724 
W C 1035.4 107.6 1850.3 732.9 1593.3 1445.4 949.9 1219.6 510.8 853.0 247.7 1608.7 
W E -0.247 99.7 69.2 -2.702 98.0 181.1 -0.633 217.3 97.8 -0.317 152.3 97.2 -0.212 109.8 96.8 0.314 227.0 115.7 
D C 565.1 -415.8 892.5 259.6 281.0 546.6 85.1 1335.0 
F 1198.566223 696.386380 0.792272 
E -2.403794 47.866564 88.830485 0.228207 
W C 1035.2 107.5 1850.0 735.1 1593.3 1446.4 951.2 1220.3 510.9 852.9 248.6 1609.7 
W E -0.247 99.7 69.2 -2.701 96.9 178.5 -0.633 214.3 96.7 -0.322 150.4 95.9 -0.213 109.8 96.8 0.320 223.6 114.3 
D C 518.1 -408.9 845.8 268.6 232.5 552.9 27.6 1332.7 
F 1198.507435 695.905809 0.791620 
E -2.403977 47.637692 88.062026 0.205310 
W C 1035.1 107.4 1849.7 736.4 1593.2 1447.0 952.0 1220.7 510.9 852.9 249.3 1610.6 
W E -0.247 99.7 69.2 -2.700 95.8 176.3 -0.633 211.5 95.7 -0.326 148.8 94.7 -0.214 109.8 96.7 0.325 220.5 112.9 
D C 506.2 -414.8 830.8 263.9 219.6 550.2 23.5 1330.5 
F 1229.705790 727.024187 0.791243 
E -2.402944 48.635456 92.164751 0.218998 
W C 1035.0 107.4 1849.5 738.3 1593.3 1447.7 953.1 1221.3 510.9 852.9 249.9 1611.5 
W E -0.247 99.7 69.2 -2.699 94.8 174.2 -0.634 208.9 94.7 -0.330 147.3 93.5 -0.215 109.8 96.7 0.330 217.6 111.7 
D C 477.6 -411.3 797.6 264.2 186.2 548.0 -17.4 1336.7 
F 1260.680975 758.239131 0.794799 
E -2.401731 49.592144 96.363482 0.225907 
W C 1034.9 107.3 1849.5 740.5 1593.5 1448.6 954.5 1222.1 511.0 852.8 250.6 1612.4 
W E -0.247 99.7 69.2 -2.697 93.8 172.1 -0.634 206.3 93.7 -0.335 145.9 92.3 -0.216 109.7 96.7 0.334 214.8 110.5 
D C 442.9 -413.4 768.5 265.0 157.6 551.3 -42.1 1337.7 
F 1291.555253 789.212982 0.794250 
E -2.400421 50.497728 100.607404 0.229347 
W C 1034.7 107.2 1849.7 743.1 1593.8 1449.5 956.0 1223.2 511.0 852.7 251.3 1613.4 
W E -0.247 99.7 69.2 -2.695 92.8 170.2 -0.635 203.7 92.8 -0.338 144.7 91.1 -0.217 109.7 96.7 0.339 212.2 109.5 
D C 412.3 -411.7 732.1 265.1 123.6 552.2 -83.4 1341.0 
F 1291.325650 788.405869 0.793997 
E -2.400349 50.220177 99.896382 0.206944 
W C 1034.6 107.1 1849.8 744.7 1593.9 1450.2 957.0 1224.0 511.0 852.7 251.7 1614.1 
W E -0.248 99.7 69.2 -2.693 91.9 168.5 -0.635 201.5 91.9 -0.342 143.6 90.0 -0.218 109.7 96.7 0.342 209.9 108.4 
D C 396.0 -412.7 718.6 267.7 109.5 552.9 -99.9 1340.5 
F 1322.613699 819.512018 0.794531 
E -2.399176 51.109359 104.084583 0.221050 
W C 1034.5 107.0 1850.0 746.0 1594.0 1450.8 958.0 1224.7 511.0 852.6 252.0 1614.9 
W E -0.248 99.7 69.2 -2.690 90.9 166.9 -0.636 199.3 91.1 -0.345 142.5 88.8 -0.218 109.7 96.7 0.346 207.6 107.5 
D C 351.1 -414.0 669.9 270.9 62.8 555.0 -150.2 1344.9 
F 1353.672333 850.396164 0.792994 
E -2.398017 51.948441 108.358072 0.228091 
W C 1034.3 107.0 1850.4 747.8 1594.3 1451.4 959.0 1225.6 511.1 852.6 252.1 1615.7 
W E -0.248 99.7 69.1 -2.688 90.0 165.4 -0.637 197.2 90.2 -0.347 141.6 87.7 -0.219 109.7 96.7 0.349 205.5 106.6 
D C 320.9 -415.8 639.9 270.2 31.9 553.6 -180.6 1353.2 
F 1384.511354 881.210809 0.794372 
E -2.396830 52.747255 112.706699 0.231898 
W C 1034.1 106.9 1851.2 750.1 1594.6 1452.3 960.1 1226.8 511.0 852.5 252.7 1616.5 
W E -0.248 99.7 69.1 -2.684 89.0 164.0 -0.638 195.2 89.4 -0.348 140.8 86.7 -0.220 109.6 96.7 0.353 203.5 105.8 
D C 291.5 -415.9 612.0 274.1 1.3 557.3 -209.2 1346.5 
F 1415.603422 911.903702 0.792905 
E -2.394696 53.534696 117.396696 0.242001 
W C 1034.0 106.8 1852.3 752.3 1595.5 1453.0 961.2 1228.4 511.0 852.4 252.9 1616.4 
W E -0.248 99.7 69.1 -2.682 88.0 163.0 -0.639 193.5 88.6 -0.349 140.1 85.7 -0.220 109.6 96.7 0.352 203.2 105.8 
D C 259.1 -419.8 579.9 274.8 -29.7 560.6 
F 1415.700113 911.100287 0.790290 
E -2.394163 53.190013 116.779097 0.222239 
W C 1033.9 106.8 1852.6 752.7 1595.5 1453.6 961.5 1229.0 511.0 852.3 253.3 1616.5 
W E -0.248 99.7 69.1 -2.680 87.1 162.0 -0.640 192.0 87.9 -0.349 139.4 84.8 -0.221 109.6 96.7 0.352 203.0 105.8 
D C 214.4 -418.7 534.3 275.6 -76.7 561.9 
F 1446.855516 941.625688 0.789603 
E -2.392518 53.949868 121.420387 0.237850 
W C 1033.8 106.7 1853.6 754.0 1596.1 1454.1 961.9 1230.2 510.9 852.3 253.5 1616.6 
W E -0.248 99.7 69.1 -2.678 86.1 161.2 -0.641 190.7 87.1 -0.348 138.8 84.0 -0.221 109.6 96.7 0.352 202.8 105.8 
D C 201.0 -417.5 520.5 278.7 -95.3 567.1 
F 1478.156519 972.023328 0.784908 
E -2.391154 54.663808 126.207763 0.246916 
W C 1033.7 106.7 1854.6 755.0 1596.5 1454.7 962.3 1231.3 510.9 852.2 253.7 1616.6 
W E -0.248 99.7 69.1 -2.677 85.2 160.4 -0.642 189.5 86.4 -0.347 138.2 83.2 -0.221 109.6 96.7 0.352 202.7 105.8 
D C 156.5 -420.1 471.2 282.9 -139.0 568.0 
F 1508.843407 1001.903437 0.784980 
E -2.390185 55.333802 131.111238 0.252524 
W C 1033.5 106.6 1856.5 756.8 1597.6 1455.3 962.6 1232.7 510.7 852.1 253.6 1616.4 
W E -0.248 99.7 69.1 -2.676 84.2 159.7 -0.644 188.3 85.6 -0.346 137.7 82.5 -0.222 109.6 96.7 0.352 202.5 105.8 
D C 142.9 -418.5 452.7 285.2 -155.2 572.6 
F 1508.929990 1000.799069 0.778955 
E -2.389768 55.036589 130.538252 0.236897 
W C 1033.5 106.6 1857.2 757.5 1598.2 1455.8 962.6 1232.8 510.6 852.0 253.6 1616.4 
W E -0.248 99.7 69.1 -2.675 83.3 159.2 -0.644 187.5 85.0 -0.348 137.6 82.4 -0.222 109.6 96.7 0.352 202.5 105.8 
D C 110.2 -416.7 423.6 285.4 
F 1540.969285 1031.205719 0.770809 
E -2.388575 55.815352 135.631094 0.255426 
W C 1033.4 106.6 1857.9 757.9 1598.8 1456.4 962.5 1232.8 510.6 851.9 253.4 1616.4 
W E -0.248 99.7 69.1 -2.675 82.5 158.7 -0.645 186.8 84.3 -0.349 137.5 82.3 -0.223 109.6 96.7 0.352 202.4 105.8 
D C 66.5 -419.3 375.4 287.9 
F 1572.590140 1061.144533 0.765773 
E -2.387887 56.541502 140.926300 0.267512 
W C 1033.4 106.6 1859.4 758.9 1600.2 1457.1 962.0 1232.7 510.4 851.8 252.9 1616.2 
W E -0.248 99.7 69.1 -2.676 81.6 158.3 -0.646 186.2 83.6 -0.350 137.5 82.3 -0.223 109.6 96.7 0.352 202.3 105.8 
D C 49.9 -423.1 356.3 291.0 
F 1604.252144 1091.049690 0.758952 
E -2.388004 57.209184 146.404340 0.275814 
W C 1033.3 106.6 1860.8 759.6 1601.5 1457.9 961.5 1232.6 510.2 851.7 252.4 1616.0 
W E -0.248 99.7 69.1 -2.677 80.8 157.9 -0.646 185.7 82.9 -0.350 137.4 82.2 -0.223 109.6 96.7 0.352 202.3 105.8 
D C 4.2 -422.5 309.2 293.0 
F 1603.881926 1090.361232 0.755994 
E -2.388883 56.847747 145.719659 0.257437 
W C 1033.3 106.6 1861.6 759.9 1602.1 1458.6 961.2 1232.5 510.1 851.7 252.2 1615.9 
W E -0.248 99.7 69.1 -2.678 80.0 157.6 -0.646 185.3 82.3 -0.351 137.4 82.2 -0.224 109.6 96.6 0.352 202.2 105.8 
D C -11.4 -425.9 290.8 293.1 
F 1635.657254 1120.334192 0.754834 
E -2.389418 57.508091 151.283613 0.271888 
W C 1033.2 106.6 1862.8 760.3 1603.1 1459.5 960.7 1232.4 509.9 851.6 251.7 1615.7 
W E -0.248 99.7 69.1 -2.679 79.3 157.3 -0.646 184.9 81.6 -0.352 137.3 82.1 -0.224 109.6 96.6 0.352 202.2 105.8 
D C -39.0 -426.5 257.8 295.7 
F 1667.589950 1150.270240 0.750421 
E -2.390599 58.097311 157.096460 0.282131 
W C 1033.2 106.6 1863.9 760.5 1603.9 1460.5 960.3 1232.2 509.8 851.5 251.4 1615.6 
W E -0.248 99.7 69.1 -2.681 78.7 157.0 -0.646 184.7 80.9 -0.352 137.3 82.1 -0.224 109.6 96.6 0.352 202.1 105.8 
D C -86.6 -430.1 204.9 297.1 
F 1697.997867 1180.403087 0.764591 
E -2.391926 58.628852 163.181447 0.290612 
W C 1033.1 106.6 1865.7 760.8 1605.2 1462.5 959.6 1231.9 509.6 851.4 250.7 1615.3 
W E -0.248 99.7 69.1 -2.683 78.1 156.7 -0.646 184.4 80.0 -0.353 137.2 82.0 -0.224 109.6 96.6 0.352 202.1 105.8 
D C -102.3 -432.3 187.1 295.9 
F 1726.799965 1211.743889 0.839166 
E -2.391229 59.409987 169.473323 0.305372 
W C 1033.1 106.6 1867.9 760.7 1605.7 1463.9 958.9 1231.8 509.4 851.2 250.0 1615.0 
W E -0.248 99.7 69.1 -2.685 77.6 156.4 -0.645 184.2 79.1 -0.353 137.2 82.0 -0.225 109.6 96.6 0.352 202.0 105.8 
D C -146.8 -436.5 137.0 299.6 
F 1726.881037 1209.877502 0.825549 
E -2.392108 58.914294 168.714997 0.285704 
W C 1033.0 106.6 1869.3 760.7 1606.0 1465.0 958.4 1231.7 509.2 851.2 249.5 1614.8 
W E -0.248 99.7 69.1 -2.687 77.2 156.2 -0.643 184.0 78.3 -0.354 137.1 82.0 -0.225 109.6 96.6 0.352 202.0 105.8 
D C -165.7 -434.5 126.2 295.0 
F 1753.092718 1246.028644 0.924450 
E -2.389984 59.881231 175.566048 0.316587 
W C 1033.0 106.6 1869.3 760.4 1606.2 1466.1 958.5 1231.6 509.2 851.1 249.6 1614.8 
W E -0.248 99.7 69.1 -2.687 77.2 156.1 -0.641 183.9 77.5 -0.354 137.1 82.0 -0.225 109.6 96.6 0.352 202.0 105.8 
D C 111.4 279.3 
F 1776.007530 1284.048858 1.025078 
E -2.385106 60.592774 180.950484 0.319515 
W C 1032.9 106.5 1869.4 759.7 1606.9 1466.8 958.7 1231.5 509.3 851.1 248.4 1614.7 
W E -0.248 99.7 69.1 -2.685 76.9 155.9 -0.644 183.0 75.9 -0.355 137.1 82.0 -0.225 109.6 96.6 0.355 199.4 105.4 
D C 87.3 262.1 -513.4 1503.6 
F 1795.455119 1322.817783 1.120039 
E -2.375715 61.056377 186.284708 0.323881 
W C 1032.9 106.5 1869.2 758.7 1608.1 1468.8 958.9 1231.4 509.3 851.1 247.5 1613.9 
W E -0.248 99.7 69.1 -2.683 76.7 155.7 -0.644 182.2 74.2 -0.355 137.0 81.9 -0.225 109.5 96.6 0.358 197.2 105.0 
D C 78.5 256.7 -485.0 1510.9 
F 1811.324848 1362.879260 1.214565 
E -2.362101 61.399261 191.470720 0.329352 
W C 1032.8 106.4 1868.9 757.7 1609.3 1470.8 959.2 1231.4 509.4 851.1 246.7 1613.2 
W E -0.248 99.7 69.1 -2.681 76.5 155.5 -0.644 181.5 72.4 -0.356 136.9 81.9 -0.226 109.5 96.6 0.361 195.3 104.7 
D C 53.9 237.6 -385.1 1552.8 
F 1812.079127 1361.692772 1.213255 
E -2.362927 61.051140 189.685293 0.305604 
W C 1032.8 106.4 1868.8 757.1 1610.0 1471.6 959.3 1231.4 509.4 851.1 245.9 1612.7 
W E -0.248 99.7 69.1 -2.679 76.4 155.3 -0.644 181.0 71.0 -0.356 136.9 81.9 -0.226 109.5 96.6 0.364 193.7 104.5 
D C 44.0 233.1 -357.2 1562.8 
F 1824.168944 1403.020512 1.307898 
E -0.775833 194.586769 61.415466 0.320592 
W C 1032.8 106.4 1868.6 756.3 1610.8 1473.0 959.6 1231.3 509.5 851.1 245.2 1612.2 
W E -0.248 99.7 69.1 -2.677 76.2 155.1 -0.643 180.5 69.5 -0.356 136.8 81.9 -0.226 109.5 96.6 0.367 192.3 104.2 
D C 28.3 225.5 -276.6 1587.1 
F 1831.035188 1446.512758 1.411466 
E -0.753391 201.126970 62.035868 0.356450 
W C 1032.7 106.3 1868.5 755.6 1610.8 1474.7 959.7 1231.2 509.5 851.1 245.5 1612.2 
W E -0.248 99.7 69.1 -2.676 76.1 155.0 -0.639 180.3 68.7 -0.356 136.8 81.9 -0.226 109.5 96.6 0.367 192.3 104.2 
D C 12.0 220.5 
F 1833.358213 1489.162793 1.515944 
E -0.725460 207.793586 63.127674 0.387461 
W C 1032.7 106.3 1868.3 754.8 1610.7 1476.3 960.0 1231.2 509.6 851.1 246.1 1612.3 
W E -0.248 99.7 69.1 -2.675 76.0 154.9 -0.636 180.0 68.1 -0.356 136.8 81.9 -0.226 109.5 96.6 0.367 192.2 104.2 
D C -3.5 218.5 
F 1831.357610 1532.977214 1.613080 
E -0.690898 214.833338 65.094228 0.416172 
W C 1032.7 106.3 1868.3 754.3 1610.5 1477.3 960.1 1231.1 509.6 851.1 246.5 1612.5 
W E -0.248 99.7 69.1 -2.675 75.9 154.9 -0.634 179.8 67.7 -0.357 136.8 81.9 -0.226 109.5 96.6 0.367 192.1 104.2 
D C -31.5 220.8 
F 1831.357610 1532.977214 1.613080 
E -0.690898 214.833338 65.094228 0.416172 
W C 1032.7 106.3 1868.3 754.3 1610.5 1477.3 960.1 1231.1 509.6 851.1 246.5 1612.5 
W E -0.248 99.7 69.1 -2.675 75.9 154.9 -0.634 179.8 67.7 -0.357 136.8 81.9 -0.226 109.5 96.6 0.367 192.1 104.2 
D C 
F 1829.339239 1574.397691 1.747946 
E -0.662081 217.997034 67.921424 0.409825 
W C 1032.6 106.3 1867.9 753.7 1611.7 1478.3 960.2 1231.2 509.6 851.1 245.7 1611.4 
W E -0.248 99.7 69.1 -2.674 75.8 154.8 -0.636 179.5 67.1 -0.357 136.8 81.9 -0.226 109.5 96.6 0.370 190.9 104.1 
D C 122.1 1605.2 
F 1822.619970 1613.600444 1.886691 
E -0.633898 220.465153 71.064784 0.407588 
W C 1032.6 106.3 1867.5 753.1 1612.8 1479.4 960.3 1231.2 509.6 851.1 245.3 1610.5 
W E -0.248 99.7 69.1 -2.673 75.8 154.7 -0.637 179.2 66.8 -0.357 136.7 81.9 -0.226 109.5 96.6 0.372 189.8 104.0 
D C 253.5 1583.1 
F 1813.851826 1650.935948 1.997246 
E -0.606145 222.296249 74.387404 0.402356 
W C 1032.6 106.3 1867.2 752.6 1613.7 1480.4 960.4 1231.2 509.6 851.0 245.2 1609.7 
W E -0.248 99.7 69.1 -2.672 75.7 154.6 -0.638 179.0 66.5 -0.357 136.7 81.9 -0.226 109.5 96.6 0.375 188.9 103.9 
D C 310.7 1567.9 
F 1816.153778 1651.308194 1.978329 
E -0.619792 219.173778 72.096567 0.340681 
W C 1032.6 106.3 1867.1 752.8 1613.2 1480.9 961.1 1231.0 509.6 851.0 245.0 1609.5 
W E -0.248 99.7 69.1 -2.672 75.7 154.5 -0.640 178.5 66.2 -0.358 136.3 81.4 -0.226 109.5 96.6 0.376 187.9 103.7 
D C 493.5 1497.5 -73.5 911.2 
F 1798.190164 1686.616839 2.091524 
E -0.599214 220.193164 73.536920 0.332413 
W C 1032.6 106.3 1867.0 753.0 1612.6 1481.5 962.2 1230.7 509.6 851.0 244.6 1609.1 
W E -0.248 99.7 69.1 -2.671 75.6 154.4 -0.641 178.1 66.0 -0.359 135.9 81.1 -0.226 109.5 96.6 0.377 186.9 103.5 
D C 546.3 1473.2 -45.1 905.1 
F 1774.380774 1720.650252 2.208892 
E -0.582872 219.854560 74.074624 0.309940 
W C 1032.6 106.3 1866.7 753.5 1611.5 1482.1 962.5 1231.0 510.4 850.5 244.0 1609.0 
W E -0.248 99.7 69.1 -2.670 75.6 154.2 -0.644 177.6 65.6 -0.360 135.5 80.7 -0.247 109.0 96.1 0.376 185.6 103.2 
D C 718.3 1366.3 51.8 899.4 -70.7 1510.6 
F 1746.430033 1750.574152 2.330299 
E -0.560644 220.281455 75.426261 0.314886 
W C 1032.6 106.3 1866.7 753.6 1611.0 1482.2 963.4 1231.2 510.3 850.7 243.4 1608.3 
W E -0.248 99.7 69.1 -2.669 75.6 154.2 -0.645 177.3 65.5 -0.361 135.2 80.4 -0.247 109.0 96.0 0.377 184.8 103.0 
D C 821.0 1281.3 108.2 882.4 
F 1745.982686 1751.037057 2.324713 
E -0.566889 218.843933 74.051886 0.285525 
W C 1032.6 106.3 1866.8 753.7 1610.6 1482.1 964.1 1231.5 510.3 850.7 243.1 1607.8 
W E -0.248 99.7 69.1 -2.669 75.5 154.1 -0.646 177.1 65.3 -0.362 134.9 80.1 -0.247 109.0 96.0 0.377 184.0 102.9 
D C 865.4 1230.7 138.0 879.0 
F 1712.025311 1776.105451 2.467269 
E -0.543953 219.037718 75.246670 0.302314 
W C 1032.6 106.3 1866.8 753.8 1610.1 1482.1 964.7 1231.8 510.2 850.7 242.8 1607.2 
W E -0.248 99.7 69.1 -2.669 75.5 154.0 -0.647 176.9 65.2 -0.363 134.6 79.8 -0.247 109.0 96.0 0.378 183.3 102.7 
D C 990.5 1087.7 221.3 842.1 
F 1678.127361 1797.565532 2.580051 
E -0.521117 218.639507 76.554492 0.307562 
W C 1032.6 106.3 1866.8 753.8 1609.9 1482.0 965.4 1232.3 510.2 850.8 242.2 1606.5 
W E -0.248 99.7 69.1 -2.668 75.5 154.0 -0.648 176.7 65.1 -0.363 134.4 79.5 -0.247 109.0 96.0 0.378 182.6 102.5 
D C 1034.3 1035.8 249.3 824.2 
F 1639.641892 1814.974560 2.715629 
E -0.497232 217.857981 78.106947 0.315389 
W C 1032.6 106.3 1866.8 753.9 1609.6 1481.9 965.9 1232.7 510.2 850.8 241.9 1605.9 
W E -0.248 99.7 69.1 -2.668 75.5 154.0 -0.649 176.5 65.0 -0.364 134.1 79.2 -0.247 109.0 96.0 0.379 182.0 102.3 
D C 1117.9 868.2 321.9 778.7 
F 1601.006580 1827.968603 2.835163 
E -0.474331 216.540397 79.649375 0.316479 
W C 1032.6 106.3 1866.8 753.8 1609.5 1481.8 966.4 1233.2 510.2 850.8 241.4 1605.1 
W E -0.248 99.7 69.1 -2.667 75.4 153.9 -0.650 176.4 64.9 -0.364 133.9 78.9 -0.247 109.0 96.0 0.379 181.4 102.2 
D C 1169.4 756.9 368.4 738.9 
F 1600.594405 1828.504525 2.828624 
E -0.478773 215.609341 77.977151 0.285638 
W C 1032.6 106.3 1866.8 753.8 1609.3 1481.6 966.9 1233.7 510.2 850.8 241.1 1604.5 
W E -0.248 99.7 69.1 -2.667 75.4 153.9 -0.650 176.3 64.8 -0.365 133.6 78.6 -0.247 109.0 96.0 0.379 180.8 102.0 
D C 1186.4 692.7 388.9 718.3 
F 1558.527767 1834.281515 2.972201 
E -0.455963 214.008086 79.326037 0.300948 
W C 1032.6 106.3 1866.9 753.9 1609.0 1481.5 967.4 1234.3 510.1 850.8 240.9 1603.9 
W E -0.248 99.7 69.1 -2.667 75.4 153.8 -0.651 176.1 64.8 -0.365 133.4 78.3 -0.247 109.0 96.0 0.380 180.3 101.8 
D C 1228.1 496.6 441.6 640.4 
F 1517.946494 1836.877030 3.094779 
E -0.434125 211.846646 80.760722 0.309387 
W C 1032.6 106.3 1866.9 753.7 1608.9 1481.3 967.8 1234.9 510.1 850.8 240.4 1603.2 
W E -0.248 99.7 69.1 -2.667 75.4 153.8 -0.651 176.0 64.7 -0.365 133.2 78.0 -0.247 109.0 96.0 0.380 179.7 101.7 
D C 1241.8 441.1 458.4 619.1 
F 1476.746218 1833.474946 -3.059876 
E -0.413652 209.279297 82.163564 0.312062 
W C 1032.6 106.3 1866.9 753.6 1608.9 1481.1 968.2 1235.5 510.1 850.8 240.0 1602.4 
W E -0.248 99.7 69.1 -2.666 75.4 153.8 -0.652 175.9 64.6 -0.365 133.0 77.8 -0.247 109.0 96.0 0.380 179.2 101.5 
D C 1244.9 232.8 503.6 533.0 
F 1474.771879 1831.888184 -3.050168 
E -0.416430 208.550526 80.526401 0.281939 
W C 1032.6 106.3 1866.9 753.7 1608.6 1480.9 968.6 1236.1 510.1 850.8 240.0 1601.9 
W E -0.248 99.7 69.1 -2.666 75.4 153.8 -0.652 175.8 64.6 -0.365 132.8 77.5 -0.247 109.0 96.0 0.381 178.8 101.3 
D C 1219.6 102.2 521.9 470.9 
F 1430.284680 1822.464803 -3.002831 
E -0.393410 205.447522 80.994228 0.272491 
W C 1032.7 107.0 1867.0 752.9 1609.1 1480.0 969.1 1236.3 510.2 850.8 240.1 1601.0 
W E -0.248 99.5 68.8 -2.665 75.3 153.6 -0.652 175.6 64.5 -0.362 132.4 77.2 -0.248 109.0 96.0 0.381 178.3 101.0 
D C 1209.0 41.7 528.2 442.3 598.4 1583.6 
F 1386.148589 1810.334827 -2.966509 
E -0.370311 202.094608 82.227807 0.268451 
W C 1032.9 106.9 1866.3 753.2 1609.5 1479.8 969.3 1236.8 510.2 850.8 240.3 1600.5 
W E -0.248 99.5 68.8 -2.667 75.2 153.2 -0.652 175.5 64.4 -0.362 132.1 76.9 -0.248 109.0 96.0 0.381 177.8 100.7 
D C 1155.2 -77.2 513.9 389.1 -227.3 1102.7 
F 1343.782591 1796.694235 -2.934747 
E -0.347135 198.740002 83.458754 0.266019 
W C 1033.1 106.8 1865.7 753.4 1610.1 1479.5 969.3 1237.3 510.2 850.8 240.4 1600.0 
W E -0.248 99.5 68.8 -2.668 75.0 152.8 -0.653 175.3 64.3 -0.361 131.8 76.6 -0.248 109.0 96.0 0.382 177.4 100.5 
D C 1138.0 -104.2 504.8 377.4 -217.7 1107.8 
F 1302.084963 1781.754428 -2.901849 
E -0.324112 195.401010 84.629624 0.264034 
W C 1033.2 106.8 1865.3 753.4 1610.6 1479.3 969.2 1237.9 510.2 850.8 240.6 1599.6 
W E -0.248 99.5 68.8 -2.670 74.9 152.5 -0.653 175.2 64.3 -0.359 131.5 76.4 -0.248 109.0 96.0 0.383 176.9 100.3 
D C 1079.7 -145.8 471.7 359.5 -234.2 1119.0 
F 1302.561088 1778.362128 -2.885140 
E -0.324618 194.427953 83.124847 0.241123 
W C 1033.2 106.7 1865.2 753.5 1610.9 1479.0 969.2 1238.4 510.2 850.8 240.8 1599.3 
W E -0.248 99.5 68.8 -2.671 74.8 152.1 -0.654 175.1 64.2 -0.358 131.1 76.1 -0.248 109.0 96.0 0.384 176.5 100.0 
D C 1061.5 -150.0 458.2 358.1 -251.2 1114.9 
F 1259.584878 1764.025706 -2.869198 
E -0.301119 191.027162 84.233671 0.251564 
W C 1033.3 106.7 1865.1 753.5 1611.1 1478.8 969.1 1239.0 510.2 850.8 240.9 1599.0 
W E -0.248 99.5 68.8 -2.672 74.7 151.8 -0.654 175.0 64.1 -0.357 130.8 75.9 -0.248 109.0 96.0 0.385 176.0 99.8 
D C 1016.0 -149.9 411.8 358.0 -302.9 1118.1 
F 1217.427606 1748.269447 -2.854891 
E -0.275150 187.636929 84.478705 0.248559 
W C 1033.2 107.2 1865.2 753.1 1611.7 1478.0 969.1 1239.2 510.3 850.8 241.2 1598.4 
W E -0.246 99.2 68.6 -2.673 74.5 151.3 -0.654 174.7 64.1 -0.354 130.3 75.5 -0.248 108.9 96.0 0.386 175.6 99.4 
D C 985.4 -154.7 381.6 355.0 618.0 1482.2 -325.8 1120.5 
F 1176.231309 1733.141266 -2.841564 
E -0.250410 184.352126 85.659794 0.255549 
W C 1033.3 107.1 1865.1 752.9 1612.4 1477.7 968.7 1239.8 510.3 850.8 241.4 1598.1 
W E -0.246 99.2 68.6 -2.675 74.4 151.0 -0.654 174.6 64.0 -0.353 130.0 75.3 -0.248 108.9 96.0 0.387 175.2 99.1 
D C 965.4 -154.6 363.7 357.6 -338.5 1125.2 
F 1135.870262 1718.876684 -2.836234 
E -0.229678 180.593271 85.512089 0.248977 
W C 1033.4 107.1 1865.0 752.5 1613.1 1477.4 968.3 1240.7 510.2 850.3 241.9 1598.2 
W E -0.246 99.2 68.6 -2.676 74.2 150.7 -0.655 174.4 63.9 -0.351 129.5 74.9 -0.251 108.4 95.2 0.385 174.3 98.6 
D C 920.6 -156.1 865.4 667.9 316.4 356.2 -393.2 1128.9 
F 1135.498884 1718.350932 -2.835603 
E -0.236327 179.406221 83.344233 0.228806 
W C 1033.4 107.1 1865.0 752.5 1613.0 1477.3 967.9 1241.3 510.7 850.0 241.6 1597.9 
W E -0.246 99.2 68.6 -2.676 74.2 150.6 -0.656 174.2 63.8 -0.350 129.0 74.6 -0.255 108.0 94.4 0.383 173.5 98.2 
D C 887.6 -156.1 828.7 664.3 284.4 355.9 
F 1093.082559 1704.380256 -2.832391 
E -0.214709 176.090686 83.401167 0.242772 
W C 1033.4 107.1 1865.0 752.4 1613.2 1477.2 967.5 1242.0 511.0 849.7 241.6 1597.9 
W E -0.246 99.2 68.6 -2.676 74.2 150.5 -0.657 174.0 63.7 -0.349 128.6 74.3 -0.258 107.6 93.6 0.382 172.7 97.7 
D C 850.6 -157.7 797.1 663.4 250.3 355.9 
F 1051.903344 1690.543517 -2.829587 
E -0.192640 172.945562 83.513586 0.249720 
W C 1033.4 107.1 1865.0 752.2 1613.5 1477.0 967.0 1242.6 511.2 849.3 241.7 1597.9 
W E -0.246 99.2 68.6 -2.676 74.1 150.4 -0.658 173.9 63.7 -0.348 128.1 73.9 -0.259 107.2 92.9 0.381 172.0 97.2 
D C 818.5 -162.2 765.7 657.4 220.1 357.8 
F 1011.981071 1676.550471 -2.822684 
E -0.169363 169.913706 83.734122 0.254057 
W C 1033.4 107.1 1865.0 751.7 1614.3 1476.7 966.2 1243.4 511.4 848.7 242.3 1598.2 
W E -0.246 99.2 68.6 -2.676 74.1 150.4 -0.658 173.8 63.6 -0.348 127.6 73.6 -0.260 106.8 92.3 0.380 171.3 96.7 
D C 802.3 -166.7 749.5 655.6 206.9 358.1 
F 1011.279166 1676.547043 -2.825827 
E -0.175537 168.965664 81.905586 0.233138 
W C 1033.4 107.1 1864.9 751.7 1614.1 1476.7 966.0 1243.8 511.8 848.4 241.8 1598.1 
W E -0.246 99.2 68.6 -2.675 74.1 150.3 -0.659 173.6 63.5 -0.347 127.2 73.4 -0.261 106.4 91.6 0.379 170.6 96.3 
D C 758.5 -167.3 700.8 660.0 156.1 358.9 
F 969.814112 1662.820151 -2.825193 
E -0.150654 166.169161 82.155902 0.245731 
W C 1033.4 107.1 1864.9 751.5 1614.4 1476.6 965.5 1244.3 512.1 848.0 241.8 1598.3 
W E -0.246 99.2 68.6 -2.675 74.1 150.3 -0.659 173.5 63.5 -0.347 126.8 73.1 -0.260 106.0 91.0 0.378 170.0 95.8 
D C 739.3 -167.8 679.8 660.2 139.5 359.2 
F 927.779165 1649.092179 -2.825624 
E -0.125029 163.516855 82.530822 0.252720 
W C 1033.4 107.1 1864.9 751.4 1614.5 1476.5 965.1 1244.8 512.4 847.5 241.7 1598.5 
W E -0.246 99.2 68.6 -2.675 74.1 150.2 -0.660 173.4 63.4 -0.348 126.4 72.8 -0.259 105.6 90.4 0.377 169.4 95.3 
D C 693.8 -171.0 631.8 664.6 94.7 360.3 
F 886.713630 1635.584335 -2.824273 
E -0.099067 161.042785 82.965288 0.256010 
W C 1033.4 107.1 1864.8 751.2 1614.9 1476.4 964.6 1245.2 512.8 847.2 241.7 1598.7 
W E -0.246 99.2 68.6 -2.675 74.1 150.2 -0.660 173.3 63.4 -0.349 126.0 72.5 -0.257 105.2 89.9 0.376 168.8 94.7 
D C 666.3 -170.7 595.6 658.1 63.8 362.6 
F 846.978470 1622.164906 -2.817688 
E -0.072186 158.722858 83.468267 0.258026 
W C 1033.3 107.1 1864.8 750.8 1615.6 1476.2 963.9 1245.5 513.1 846.7 242.0 1599.1 
W E -0.246 99.2 68.6 -2.675 74.0 150.1 -0.661 173.2 63.3 -0.350 125.7 72.2 -0.254 104.8 89.3 0.375 168.3 94.2 
D C 648.8 -174.7 583.1 656.4 47.9 363.1 
F 846.619813 1622.337972 -2.821536 
E -0.078414 157.975086 81.498193 0.236281 
W C 1033.4 107.1 1864.8 750.8 1615.5 1476.2 963.8 1245.8 513.4 846.5 241.4 1599.1 
W E -0.246 99.2 68.6 -2.675 74.0 150.1 -0.661 173.1 63.3 -0.351 125.3 72.0 -0.252 104.4 88.8 0.375 167.8 93.7 
D C 603.7 -176.6 536.2 654.4 -0.3 365.0 
F 804.721098 1608.286376 -2.808617 
E -0.050130 155.845949 82.011966 0.248166 
W C 1033.4 107.1 1864.8 750.7 1615.6 1476.1 963.6 1246.2 513.8 846.2 241.0 1599.1 
W E -0.246 99.2 68.5 -2.675 74.0 150.0 -0.662 173.0 63.3 -0.352 125.1 71.7 -0.248 104.0 88.3 0.374 167.3 93.2 
D C 570.1 -174.4 500.0 654.1 -32.9 366.1 
F 763.332413 1592.881166 -2.742790 
E -0.021129 153.754382 82.657242 0.262413 
W C 1033.3 107.1 1864.7 750.5 1615.8 1475.9 963.3 1246.7 514.2 846.0 240.4 1598.8 
W E -0.246 99.2 68.5 -2.675 74.0 150.0 -0.662 172.9 63.2 -0.353 124.8 71.4 -0.245 103.6 87.7 0.374 166.9 92.6 
D C 540.6 -176.3 467.2 651.6 -64.7 364.7 
F 724.994323 1575.065257 -2.632933 
E 0.007363 151.600162 83.364300 0.282048 
W C 1033.3 107.1 1864.7 750.1 1616.2 1475.7 962.9 1247.4 514.8 845.9 239.8 1598.3 
W E -0.246 99.2 68.5 -2.675 74.0 149.9 -0.662 172.8 63.2 -0.355 124.6 71.1 -0.240 103.2 87.2 0.373 166.5 92.1 
D C 495.0 -211.8 473.4 623.2 -72.1 366.8 
F 724.262663 1577.490309 -2.656559 
E 0.000882 151.018026 81.373683 0.252768 
W C 1033.3 107.1 1864.7 750.1 1616.2 1475.6 962.6 1247.9 515.2 845.6 239.1 1598.2 
W E -0.246 99.2 68.5 -2.675 74.0 149.9 -0.663 172.7 63.2 -0.356 124.3 70.8 -0.236 102.8 86.7 0.373 166.1 91.5 
D C 467.3 -233.0 477.6 609.1 -77.0 367.7 
F 688.374799 1552.236328 -2.517022 
E 0.033092 148.619810 81.383782 0.270828 
W C 1033.9 107.4 1864.6 749.5 1616.5 1475.1 962.4 1248.1 515.4 845.4 238.8 1598.6 
W E -0.240 98.6 68.3 -2.675 74.0 149.7 -0.663 172.5 63.1 -0.356 124.0 70.4 -0.228 102.3 86.2 0.371 165.7 90.6 
D C 384.1 -301.2 513.5 530.3 421.7 1394.0 -68.8 368.2 
F 658.159381 1524.055484 -2.394915 
E 0.058578 145.887413 81.173464 0.268853 
W C 1034.1 107.7 1864.7 749.1 1616.8 1474.7 962.3 1248.3 515.7 845.1 238.3 1598.6 
W E -0.235 98.2 68.2 -2.674 74.0 149.6 -0.663 172.4 63.1 -0.356 123.7 70.0 -0.220 101.7 85.7 0.370 165.3 89.8 
D C 292.0 -357.5 542.5 445.9 577.0 1315.3 -59.0 372.3 
F 631.155446 1495.913661 -2.305464 
E 0.080453 142.869850 80.971847 0.265163 
W C 1034.1 108.1 1864.7 748.6 1617.3 1474.2 962.2 1248.3 515.9 844.8 237.8 1598.4 
W E -0.229 97.7 68.0 -2.674 74.0 149.5 -0.663 172.2 63.1 -0.356 123.4 69.6 -0.213 101.2 85.3 0.368 165.0 88.9 
D C 255.9 -377.3 547.0 414.2 621.5 1275.8 -54.4 372.7 
F 630.957681 1494.855596 -2.304035 
E 0.074637 142.272440 79.444956 0.241410 
W C 1034.2 108.1 1864.7 748.7 1617.1 1474.2 962.1 1248.7 516.3 844.4 237.2 1598.6 
W E -0.229 97.7 68.0 -2.674 74.0 149.5 -0.663 172.1 63.0 -0.357 123.2 69.3 -0.208 100.8 84.8 0.368 164.7 88.4 
D C 187.9 -402.9 556.5 357.8 -47.5 373.2 
F 608.816647 1460.270398 -2.175624 
E 0.096094 139.147599 79.502502 0.255407 
W C 1034.1 108.5 1864.7 748.2 1617.4 1473.9 962.3 1248.8 516.6 844.0 236.8 1598.3 
W E -0.224 97.2 67.8 -2.674 74.0 149.3 -0.663 172.0 63.0 -0.357 122.9 68.8 -0.201 100.3 84.4 0.366 164.3 87.7 
D C 120.7 -424.8 560.1 299.9 791.8 1126.0 -41.8 374.4 
F 590.877063 1424.649563 -2.063063 
E 0.112748 135.822745 79.578835 0.259294 
W C 1033.9 108.9 1864.8 747.8 1617.8 1473.5 962.4 1248.9 516.9 843.5 236.3 1598.1 
W E -0.219 96.7 67.6 -2.674 73.9 149.2 -0.663 171.8 63.0 -0.356 122.7 68.4 -0.194 99.7 83.9 0.365 163.9 86.9 
D C 45.3 -442.5 558.3 237.8 874.6 1034.6 -34.7 373.1 
F 576.469628 1388.930239 -1.957225 
E 0.121591 132.420940 80.480702 0.275985 
W C 1033.3 108.9 1864.9 747.7 1618.1 1473.5 962.6 1249.3 517.5 843.1 234.9 1597.5 
W E -0.219 96.7 67.6 -2.674 73.9 149.2 -0.663 171.8 63.0 -0.357 122.5 68.1 -0.192 99.3 83.5 0.364 163.7 86.5 
D C 8.6 -446.6 556.9 207.5 -31.4 374.2 
F 567.517360 1355.364578 -1.836883 
E 0.132831 129.072131 80.404339 0.261859 
W C 1033.4 109.2 1864.8 747.5 1618.5 1473.1 962.8 1249.2 517.4 842.7 234.4 1597.6 
W E -0.215 96.2 67.5 -2.676 73.7 148.8 -0.663 171.6 63.0 -0.356 122.2 67.6 -0.185 98.6 83.1 0.362 163.2 85.8 
D C -104.3 -453.2 534.5 120.4 998.4 846.7 194.9 1410.6 -21.0 374.8 
F 569.966094 1353.534516 -1.823250 
E 0.135660 128.151094 78.632191 0.222324 
W C 1033.2 109.6 1864.8 747.0 1618.4 1472.7 963.2 1249.8 518.0 842.2 233.7 1596.8 
W E -0.210 95.7 67.3 -2.679 73.5 148.4 -0.664 171.2 62.8 -0.354 121.9 67.1 -0.178 97.9 82.7 0.361 162.8 85.2 
D C -178.0 -446.0 512.5 55.6 1055.3 725.2 322.9 1383.0 -9.3 369.3 -318.6 961.9 
F 569.976971 1315.986590 -1.645754 
E 0.144938 124.674177 79.213596 0.245715 
W C 1033.2 109.9 1864.7 746.7 1618.2 1472.5 963.4 1250.3 518.2 841.8 234.2 1596.6 
W E -0.206 95.3 67.1 -2.681 73.3 148.0 -0.664 170.9 62.7 -0.352 121.6 66.6 -0.173 97.3 82.3 0.359 162.5 84.8 
D C 488.7 -19.1 1115.7 575.6 473.2 1325.7 13.1 361.8 -220.7 993.5 
F 574.369925 1279.449061 -1.488619 
E 0.143270 121.214089 79.462018 0.260327 
W C 1033.2 110.2 1864.6 746.5 1618.5 1472.1 963.3 1250.6 518.4 841.4 234.6 1596.6 
W E -0.202 94.8 67.0 -2.683 73.0 147.6 -0.664 170.8 62.7 -0.350 121.3 66.1 -0.165 96.6 82.0 0.358 162.4 84.4 
D C 456.0 -83.1 1153.1 425.6 612.4 1247.4 33.3 351.8 
F 586.060326 1243.847344 -1.314943 
E 0.125331 117.929884 79.909554 0.278031 
W C 1033.3 110.2 1864.4 746.5 1618.7 1472.0 963.1 1251.3 518.4 841.0 234.8 1596.4 
W E -0.202 94.8 67.0 -2.686 72.8 147.4 -0.664 170.7 62.6 -0.349 121.2 65.7 -0.162 96.1 81.7 0.357 162.3 84.2 
D C 388.3 -177.5 791.3 1096.5 58.8 334.4 
F 588.294812 1242.440104 -1.303282 
E 0.135353 117.321869 78.572362 0.241765 
W C 1033.1 110.5 1864.3 746.1 1619.1 1471.7 963.3 1251.9 518.3 840.6 235.1 1595.7 
W E -0.198 94.3 66.8 -2.688 72.6 147.0 -0.664 170.6 62.6 -0.346 120.9 65.3 -0.153 95.4 81.3 0.356 162.1 83.8 
D C 361.4 -204.4 1167.8 112.3 848.8 1048.9 66.9 327.2 
F 607.404377 1208.120628 -1.118658 
E 0.106474 114.069493 78.239380 0.262585 
W C 1033.2 110.8 1864.3 745.6 1619.6 1471.3 963.4 1252.3 518.2 840.3 235.6 1595.3 
W E -0.194 93.9 66.7 -2.690 72.4 146.7 -0.664 170.5 62.6 -0.343 120.7 64.9 -0.142 94.7 81.0 0.355 162.0 83.5 
D C 299.1 -257.6 1139.5 -48.1 958.3 919.4 80.4 309.7 
F 629.822780 1178.078519 -0.959667 
E 0.069245 111.372559 77.333858 0.267476 
W C 1033.4 111.1 1864.3 745.2 1620.0 1470.9 963.2 1252.8 518.0 839.9 236.1 1595.2 
W E -0.191 93.5 66.5 -2.692 72.2 146.4 -0.664 170.4 62.6 -0.340 120.4 64.5 -0.126 94.0 80.6 0.354 161.8 83.2 
D C 230.0 -296.1 1093.5 -195.8 1039.4 787.0 91.0 291.0 
F 655.055654 1152.124831 -0.815961 
E 0.030174 109.213318 76.068212 0.267085 
W C 1033.5 111.4 1864.3 744.7 1620.3 1470.6 963.0 1253.2 518.0 839.5 236.6 1595.3 
W E -0.188 93.0 66.4 -2.694 72.0 146.1 -0.664 170.3 62.6 -0.336 120.1 64.1 -0.106 93.3 80.2 0.353 161.7 82.9 
D C 160.0 -329.9 1025.6 -345.0 1108.0 642.3 100.3 272.9 
F 681.985919 1127.111865 -0.739112 
E -0.004868 107.225663 74.505068 0.257545 
W C 1033.6 111.6 1864.3 744.4 1620.4 1470.5 962.8 1253.2 518.1 838.6 237.0 1596.3 
W E -0.184 92.6 66.2 -2.695 71.7 145.8 -0.664 170.2 62.6 -0.332 119.8 63.7 -0.083 92.7 79.8 0.353 161.6 82.7 
D C 126.2 -345.2 988.0 -411.9 1127.3 564.2 103.5 264.0 
F 685.737397 1127.554730 -0.709995 
E 0.005328 106.475637 73.307376 0.228066 
W C 1033.7 111.8 1864.5 743.8 1620.8 1470.2 962.7 1253.7 518.0 838.5 237.2 1595.9 
W E -0.181 92.2 66.1 -2.697 71.5 145.5 -0.664 170.1 62.6 -0.328 119.5 63.3 -0.061 92.1 79.4 0.352 161.5 82.5 
D C 21.0 -374.4 861.3 -590.0 1181.2 351.4 111.6 238.2 
F 724.474567 1100.976730 -0.663424 
E -0.035303 104.481181 71.962542 0.235105 
W C 1033.7 111.9 1864.6 743.5 1620.8 1470.1 962.6 1253.9 518.2 838.4 237.1 1595.6 
W E -0.178 91.8 66.0 -2.698 71.3 145.2 -0.663 170.1 62.5 -0.324 119.2 63.0 -0.037 91.6 78.8 0.351 161.4 82.3 
D C -50.1 -379.6 773.3 -670.2 1165.1 240.1 99.6 227.0 
F 764.333306 1078.899206 -0.604756 
E -0.075197 102.715889 70.797064 0.230852 
W C 1033.9 112.1 1864.6 743.1 1621.1 1468.9 962.1 1254.8 518.9 838.0 236.8 1595.6 
W E -0.176 91.4 65.8 -2.700 71.1 145.0 -0.664 169.8 62.4 -0.318 118.7 62.6 -0.014 91.1 78.3 0.351 161.3 82.1 
D C -106.3 -380.6 702.3 -697.0 1136.0 194.4 558.8 694.9 69.4 222.0 
F 804.057533 1058.801537 -0.559797 
E -0.118285 101.437659 70.250201 0.234465 
W C 1034.0 112.4 1864.6 742.7 1621.2 1468.0 961.8 1255.5 519.9 837.2 236.5 1595.8 
W E -0.174 91.0 65.7 -2.701 70.9 144.7 -0.664 169.5 62.2 -0.314 118.2 62.3 -0.001 90.8 78.1 0.350 161.3 82.0 
D C 638.2 -720.6 1103.8 147.3 549.8 679.4 42.0 219.2 
F 807.898951 1059.768792 -0.543641 
E -0.120911 100.798956 69.279549 0.212586 
W C 1033.8 112.8 1864.2 742.5 1620.9 1467.5 960.0 1257.2 521.9 836.2 236.3 1595.4 
W E -0.172 90.7 65.5 -2.702 70.7 144.4 -0.663 169.2 62.1 -0.309 117.7 62.1 0.010 90.6 78.0 0.350 161.2 81.9 
D C 583.9 -723.9 1056.0 144.2 505.9 678.8 -5.6 223.2 
F 849.530462 1038.416577 -0.524118 
E -0.169599 99.816263 68.838082 0.227297 
W C 1034.0 113.1 1864.1 742.2 1620.8 1466.9 959.2 1258.1 523.0 835.7 236.3 1595.4 
W E -0.171 90.4 65.4 -2.703 70.5 144.2 -0.663 168.9 61.9 -0.306 117.3 61.9 0.019 90.3 77.9 0.350 161.2 81.8 
D C 568.0 -722.2 1029.5 143.8 487.8 675.9 -21.7 225.9 
F 890.180894 1018.294041 -0.502999 
E -0.218244 99.249880 68.778868 0.237435 
W C 1034.3 113.3 1864.0 741.8 1620.8 1466.5 958.8 1258.6 523.4 835.5 236.3 1595.4 
W E -0.170 90.0 65.3 -2.705 70.3 143.9 -0.663 168.6 61.7 -0.304 117.1 61.8 0.026 90.2 77.9 0.350 161.2 81.7 
D C 539.2 -725.9 994.3 145.1 452.1 682.3 
F 930.685063 998.731806 -0.488779 
E -0.267692 98.851516 68.946162 0.242560 
W C 1034.8 113.5 1864.0 741.4 1620.9 1465.9 958.5 1258.9 523.6 835.4 236.3 1595.5 
W E -0.169 89.7 65.1 -2.706 70.1 143.7 -0.663 168.4 61.6 -0.303 117.0 61.7 0.032 90.1 77.8 0.350 161.2 81.7 
D C 502.1 -721.1 959.5 143.1 423.8 679.6 
F 931.884495 999.620775 -0.480443 
E -0.274450 98.470511 67.808070 0.220664 
W C 1035.0 113.7 1863.7 741.2 1620.7 1465.7 958.6 1259.0 523.9 835.2 236.4 1595.5 
W E -0.169 89.4 65.0 -2.706 69.9 143.5 -0.663 168.1 61.5 -0.302 117.0 61.6 0.036 90.0 77.7 0.350 161.2 81.6 
D C 472.7 -720.6 927.4 144.1 389.9 684.6 
F 972.077107 980.210875 -0.471699 
E -0.324786 98.281966 67.914226 0.233541 
W C 1035.3 114.0 1863.5 740.9 1620.6 1465.4 958.6 1259.1 524.1 835.1 236.5 1595.5 
W E -0.168 89.1 64.8 -2.707 69.7 143.2 -0.663 167.8 61.3 -0.301 116.9 61.6 0.041 89.9 77.7 0.350 161.1 81.5 
D C 439.7 -722.3 894.6 141.8 365.5 685.0 
F 1012.522680 960.842553 -0.463466 
E -0.376243 98.251870 68.265265 0.240804 
W C 1035.7 114.1 1863.4 740.6 1620.7 1465.1 958.5 1259.1 524.1 835.2 236.6 1595.6 
W E -0.168 88.7 64.7 -2.708 69.5 143.0 -0.663 167.6 61.2 -0.300 116.8 61.5 0.045 89.8 77.6 0.350 161.1 81.5 
D C 408.0 -724.1 862.3 144.8 327.5 688.2 
F 1052.905374 941.305398 -0.461862 
E -0.428713 98.364106 68.788069 0.244465 
W C 1036.1 114.3 1863.3 740.2 1620.7 1464.8 958.5 1259.2 524.1 835.2 236.7 1595.7 
W E -0.169 88.4 64.6 -2.709 69.3 142.7 -0.662 167.3 61.0 -0.299 116.8 61.4 0.049 89.8 77.6 0.350 161.1 81.4 
D C 363.4 -720.5 813.0 149.4 278.9 692.8 
F 1092.805637 922.351423 -0.455844 
E -0.482581 98.616677 69.428661 0.246299 
W C 1036.9 114.4 1863.3 739.7 1621.0 1464.2 958.3 1259.3 523.9 835.4 236.7 1596.0 
W E -0.169 88.1 64.5 -2.709 69.1 142.5 -0.662 167.0 60.9 -0.299 116.7 61.4 0.052 89.7 77.6 0.350 161.1 81.4 
D C 347.9 -722.6 793.1 145.8 265.8 690.5 
F 1132.456127 903.505629 -0.454451 
E -0.537720 99.016025 70.144615 0.247243 
W C 1037.7 114.4 1863.4 739.1 1621.4 1463.6 958.0 1259.5 523.5 835.6 236.8 1596.3 
W E -0.170 87.8 64.3 -2.710 68.9 142.3 -0.662 166.8 60.7 -0.298 116.7 61.3 0.055 89.6 77.5 0.349 161.1 81.3 
D C 313.2 -723.1 758.5 146.6 233.0 692.6 
F 1132.858255 903.727178 -0.453198 
E -0.535974 98.670695 68.520433 0.224033 
W C 1038.1 114.6 1863.1 738.9 1621.3 1463.4 958.1 1259.5 523.6 835.6 236.9 1596.3 
W E -0.170 87.5 64.2 -2.710 68.7 142.1 -0.661 166.5 60.6 -0.297 116.6 61.3 0.059 89.6 77.5 0.349 161.1 81.3 
D C 264.4 -723.1 708.3 143.7 184.1 692.2 
F 1173.102763 884.512526 -0.451788 
E -0.590178 99.245090 69.175067 0.236468 
W C 1038.7 114.7 1863.0 738.5 1621.5 1463.0 958.0 1259.6 523.4 835.7 237.0 1596.5 
W E -0.171 87.2 64.1 -2.711 68.5 141.8 -0.661 166.3 60.5 -0.297 116.6 61.2 0.062 89.5 77.4 0.349 161.1 81.2 
D C 249.0 -721.9 691.2 144.6 166.4 693.4 
F 1213.098589 865.423137 -0.450741 
E -0.645008 99.953437 69.949330 0.242662 
W C 1039.3 114.8 1862.9 738.0 1621.6 1462.7 957.9 1259.7 523.3 835.8 237.0 1596.7 
W E -0.172 86.8 64.0 -2.711 68.3 141.6 -0.661 166.0 60.3 -0.296 116.5 61.2 0.065 89.5 77.4 0.349 161.1 81.2 
D C 200.8 -723.4 644.3 145.2 118.3 697.5 
F 1253.793342 847.271244 -0.441182 
E -0.699685 100.971713 71.455933 0.255777 
W C 1039.5 114.8 1863.1 737.8 1621.8 1462.5 957.8 1259.7 523.1 835.9 237.1 1596.8 
W E -0.174 86.7 64.0 -2.712 68.2 141.5 -0.661 165.8 60.2 -0.296 116.5 61.2 0.066 89.4 77.4 0.349 161.1 81.1 
D C 625.4 147.0 103.3 700.2 
F 1253.474071 847.263065 -0.442741 
E -0.693573 100.587325 69.711652 0.230223 
W C 1040.1 114.9 1862.9 737.4 1622.0 1462.2 957.7 1259.8 523.0 836.0 237.1 1596.9 
W E -0.175 86.4 63.8 -2.712 68.0 141.2 -0.661 165.6 60.1 -0.295 116.5 61.1 0.068 89.4 77.4 0.349 161.1 81.1 
D C 153.4 -722.0 592.6 145.0 75.1 701.7 
F 1294.550054 828.587523 -0.433118 
E -0.746592 101.783851 71.150321 0.248944 
W C 1040.2 114.9 1862.8 737.4 1621.8 1462.2 957.8 1259.8 523.0 836.0 237.1 1596.9 
W E -0.176 86.3 63.8 -2.713 67.8 141.1 -0.661 165.4 60.0 -0.295 116.5 61.1 0.069 89.4 77.3 0.349 161.1 81.1 
D C 548.2 148.5 25.4 704.5 
F 1333.820763 812.255958 -0.322630 
E -2.364549 72.197037 103.686425 0.271089 
W C 1041.4 114.7 1862.6 736.9 1622.0 1461.8 957.4 1260.2 522.6 836.4 237.1 1597.4 
W E -0.177 86.0 63.7 -2.713 67.6 140.9 -0.660 165.2 59.9 -0.295 116.4 61.0 0.072 89.3 77.3 0.349 161.0 81.1 
D C 94.8 -727.4 530.3 145.4 6.0 704.9 
F 1369.540188 802.337469 -0.165286 
E -2.384649 73.486813 106.396738 0.303599 
W C 1042.7 114.5 1862.3 736.6 1622.0 1461.3 957.1 1260.6 522.3 836.8 237.2 1598.0 
W E -0.179 85.7 63.6 -2.713 67.4 140.6 -0.660 165.0 59.8 -0.294 116.4 61.0 0.074 89.3 77.3 0.349 161.0 81.0 
D C -17.4 -730.3 501.2 85.8 46.7 697.9 
F 1397.398795 795.713077 -0.070704 
E -2.401191 74.107793 108.370161 0.299819 
W C 1044.0 114.2 1862.0 736.3 1622.2 1460.9 956.6 1261.1 521.8 837.2 237.1 1598.5 
W E -0.181 85.4 63.5 -2.713 67.3 140.4 -0.660 164.8 59.6 -0.294 116.3 61.0 0.076 89.2 77.3 0.349 161.0 81.0 
D C -69.5 -734.5 488.2 51.5 80.8 694.3 
F 1396.229132 795.498648 -0.082987 
E -2.395332 72.637928 107.811901 0.259193 
W C 1045.0 114.1 1861.8 735.9 1622.1 1460.8 956.3 1261.3 521.5 837.4 237.0 1598.8 
W E -0.183 85.1 63.4 -2.713 67.1 140.2 -0.659 164.6 59.5 -0.293 116.3 60.9 0.078 89.2 77.2 0.349 161.0 80.9 
D C -201.2 -720.6 470.1 -31.4 163.9 665.1 
F 1427.844678 800.790284 0.109926 
E -2.408099 73.523106 109.881493 0.286377 
W C 1045.9 114.0 1861.6 735.5 1622.1 1460.6 956.0 1261.6 521.2 837.6 236.9 1599.0 
W E -0.185 84.9 63.3 -2.713 66.9 140.0 -0.659 164.4 59.4 -0.293 116.2 60.9 0.080 89.2 77.2 0.349 161.0 80.9 
D C -325.3 -689.0 438.1 -100.9 236.4 637.5 
F 1458.166985 811.682067 0.307451 
E -2.420030 74.725718 112.119386 0.308126 
W C 1045.5 114.1 1861.9 735.6 1622.1 1460.5 956.1 1261.5 521.3 837.6 237.0 1599.0 
W E -0.186 84.7 63.3 -2.713 66.8 139.9 -0.659 164.2 59.3 -0.292 116.2 60.9 0.081 89.1 77.2 0.349 161.0 80.9 
D C 394.8 -176.1 312.9 586.5 
F 1485.638657 829.852451 0.521735 
E -2.431639 75.797065 114.525852 0.319029 
W C 1045.2 114.1 1862.2 735.5 1622.0 1460.4 956.2 1261.5 521.3 837.6 237.0 1599.0 
W E -0.187 84.7 63.3 -2.714 66.6 139.8 -0.659 164.1 59.2 -0.292 116.2 60.9 0.081 89.1 77.2 0.349 161.0 80.9 
D C 305.4 -271.4 408.1 491.9 
F 1485.551185 831.126665 0.532271 
E -2.427416 74.688580 114.123050 0.282156 
W C 1045.4 114.1 1862.3 735.4 1621.9 1460.4 956.1 1261.6 521.3 837.6 237.0 1599.0 
W E -0.188 84.6 63.3 -2.714 66.5 139.7 -0.659 164.0 59.1 -0.292 116.2 60.9 0.082 89.1 77.2 0.349 161.0 80.9 
D C 272.6 -298.5 432.8 455.2 
F 1508.266524 856.212096 0.754614 
E -2.439877 75.592139 116.491009 0.296088 
W C 1045.3 114.2 1862.5 735.3 1621.8 1460.4 956.2 1261.4 521.2 837.7 237.1 1599.1 
W E -0.189 84.5 63.3 -2.715 66.4 139.6 -0.659 163.8 59.0 -0.292 116.2 60.8 0.082 89.1 77.2 0.349 161.0 80.9 
D C 197.6 -343.3 477.5 375.6 -139.4 637.0 
F 1525.250779 882.557119 0.940748 
E -2.448673 75.773966 118.940378 0.297310 
W C 1045.0 114.3 1862.9 735.3 1621.8 1460.4 956.3 1261.1 521.1 837.8 237.2 1599.2 
W E -0.190 84.5 63.2 -2.715 66.3 139.4 -0.659 163.7 58.9 -0.292 116.1 60.7 0.083 89.1 77.2 0.349 161.0 80.9 
D C 121.6 -374.7 509.4 295.3 -59.8 642.2 
F 1537.495009 910.102720 1.108727 
E -2.451626 75.568584 121.440459 0.297361 
W C 1044.6 114.3 1863.5 735.2 1621.8 1460.3 956.4 1260.9 520.9 837.8 237.2 1599.2 
W E -0.191 84.4 63.2 -2.715 66.2 139.3 -0.659 163.5 58.8 -0.292 116.1 60.6 0.084 89.1 77.2 0.349 161.0 80.9 
D C 44.4 -397.5 526.6 212.9 9.4 643.2 
F 1542.872699 940.233421 1.297322 
E -2.448533 75.073771 123.833694 0.295413 
W C 1044.2 114.3 1864.0 735.3 1621.8 1460.3 956.5 1260.8 520.7 837.9 237.1 1599.2 
W E -0.192 84.3 63.2 -2.716 66.0 139.3 -0.659 163.4 58.7 -0.292 116.0 60.6 0.084 89.0 77.2 0.349 161.0 80.9 
D C -79.6 -408.3 527.6 77.0 122.2 616.6 
F 1541.105040 940.432135 1.309457 
E -2.452065 73.479348 123.217882 0.248722 
W C 1044.0 114.3 1864.4 735.4 1621.7 1460.2 956.6 1260.5 520.5 838.4 237.1 1599.1 
W E -0.193 84.3 63.2 -2.716 65.9 139.2 -0.659 163.2 58.6 -0.292 116.0 60.5 0.083 88.9 77.0 0.349 160.9 80.8 
D C -117.1 -404.9 518.4 38.6 154.2 601.9 -301.8 992.1 
F 1538.163886 973.785164 1.545379 
E -2.450195 73.523943 125.622488 0.279307 
W C 1043.9 114.2 1864.4 735.6 1621.6 1460.2 956.8 1260.2 520.3 838.6 237.1 1599.1 
W E -0.193 84.3 63.2 -2.716 65.9 139.1 -0.659 163.1 58.5 -0.292 115.9 60.4 0.081 88.7 76.9 0.348 160.9 80.8 
D C 484.2 -80.6 250.5 552.4 -114.8 1028.0 
F 1531.939255 1005.661790 1.731221 
E -2.438944 73.036748 127.761860 0.290567 
W C 1044.0 114.3 1864.3 735.5 1621.3 1460.6 957.0 1260.0 520.3 838.6 237.2 1599.1 
W E -0.193 84.3 63.2 -2.716 65.9 139.1 -0.660 162.9 58.4 -0.292 115.8 60.3 0.079 88.6 76.8 0.348 160.9 80.8 
D C 463.7 -129.5 284.9 522.4 -45.0 1028.0 
F 1521.081186 1047.424609 1.797463 
E -2.407206 72.102866 129.796763 0.272558 
W C 1044.0 114.2 1864.3 735.4 1621.0 1461.0 957.1 1259.9 520.3 838.8 237.1 1599.0 
W E -0.193 84.2 63.2 -2.716 65.8 139.1 -0.660 162.7 58.3 -0.293 115.8 60.1 0.076 88.4 76.7 0.348 160.8 80.8 
D C 417.6 -200.3 332.5 472.9 77.4 1016.9 
F 1515.620682 1047.418240 1.842057 
E -2.412434 71.356013 129.256327 0.243049 
W C 1043.9 114.2 1864.4 735.6 1621.1 1460.9 957.2 1259.7 520.2 839.0 237.1 1599.0 
W E -0.193 84.2 63.2 -2.716 65.8 139.0 -0.660 162.6 58.2 -0.293 115.7 60.0 0.074 88.3 76.6 0.348 160.8 80.8 
D C 340.7 -282.7 370.5 402.0 195.8 988.2 
F 1498.950735 1089.272024 1.882228 
E -2.378389 70.473387 131.095727 0.247592 
W C 1043.8 114.1 1864.5 735.6 1621.0 1461.0 957.4 1259.6 520.1 839.2 237.1 1598.9 
W E -0.193 84.2 63.2 -2.716 65.8 139.0 -0.661 162.4 58.1 -0.293 115.7 59.9 0.071 88.1 76.5 0.348 160.8 80.8 
D C 319.3 -281.9 353.5 402.9 185.7 984.8 
F 1477.422082 1130.391358 1.942834 
E -0.774326 132.700512 69.805286 0.240697 
W C 1043.8 114.1 1864.6 735.9 1620.6 1461.2 957.4 1259.3 520.0 839.1 238.1 1599.7 
W E -0.193 84.2 63.2 -2.716 65.8 139.0 -0.661 162.2 58.0 -0.293 115.6 59.8 0.068 88.0 76.3 0.349 160.5 80.6 
D C 240.6 -305.9 991.3 835.3 327.0 374.9 198.7 971.5 
F 1455.902565 1169.874305 1.986432 
E -0.739482 134.146307 69.329741 0.237566 
W C 1043.8 114.0 1864.8 735.7 1620.0 1461.5 957.6 1259.2 520.0 839.1 238.5 1600.2 
W E -0.193 84.2 63.2 -2.716 65.8 138.9 -0.661 162.0 57.9 -0.293 115.5 59.6 0.066 87.8 76.2 0.349 160.3 80.5 
D C 214.0 -309.4 977.9 824.1 314.1 371.6 186.3 971.4 
F 1435.091201 1207.427422 2.015705 
E -0.703975 135.459308 69.001787 0.235598 
W C 1043.9 113.9 1865.0 735.3 1619.4 1462.1 957.9 1259.2 520.1 839.1 238.8 1600.4 
W E -0.193 84.2 63.2 -2.716 65.8 138.9 -0.661 161.9 57.8 -0.293 115.5 59.5 0.063 87.7 76.1 0.350 160.0 80.3 
D C 178.8 -306.2 951.2 821.8 285.9 373.9 158.4 970.3 
F 1432.600046 1207.698992 2.029193 
E -0.705798 134.710145 67.971244 0.212340 
W C 1043.8 113.9 1864.9 735.6 1619.3 1462.1 957.8 1258.9 519.9 839.2 239.2 1600.6 
W E -0.193 84.2 63.2 -2.716 65.8 138.8 -0.661 161.7 57.8 -0.292 115.4 59.3 0.061 87.6 75.9 0.351 159.8 80.2 
D C 128.9 -302.7 907.0 823.3 235.7 375.3 107.0 971.2 
F 1411.466577 1246.606834 2.041266 
E -0.668982 136.105619 67.655147 0.225325 
W C 1043.8 113.9 1865.0 735.4 1618.9 1462.6 958.0 1258.8 519.9 839.2 239.5 1600.7 
W E -0.193 84.2 63.2 -2.716 65.7 138.8 -0.661 161.5 57.7 -0.292 115.4 59.2 0.058 87.4 75.8 0.351 159.6 80.0 
D C 113.7 -302.3 890.0 822.9 222.3 376.8 94.9 971.5 
F 1389.979668 1285.476554 2.050180 
E -0.631031 137.613935 67.523155 0.232058 
W C 1043.8 113.8 1865.0 735.3 1618.6 1463.0 958.2 1258.6 519.9 839.3 239.8 1600.8 
W E -0.193 84.2 63.1 -2.715 65.7 138.7 -0.661 161.3 57.6 -0.292 115.3 59.0 0.056 87.3 75.6 0.352 159.4 79.9 
D C 66.0 -310.7 840.0 820.9 174.6 375.8 44.1 974.0 
F 1368.814173 1323.014065 2.056442 
E -0.592651 139.280479 67.510703 0.235755 
W C 1043.7 113.7 1865.1 734.8 1618.4 1463.8 958.3 1258.4 519.9 839.3 240.2 1600.9 
W E -0.193 84.1 63.1 -2.715 65.7 138.6 -0.661 161.2 57.4 -0.291 115.2 58.9 0.054 87.2 75.5 0.353 159.1 79.8 
D C 33.1 -313.4 805.3 821.5 142.7 377.7 11.2 970.1 
F 1347.913241 1358.620665 2.061903 
E -0.554058 141.191463 67.611815 0.238914 
W C 1043.6 113.5 1865.2 733.8 1618.4 1464.9 958.5 1258.2 520.0 839.2 240.5 1600.8 
W E -0.193 84.1 63.1 -2.715 65.7 138.6 -0.660 161.0 57.3 -0.291 115.2 58.7 0.051 87.1 75.4 0.353 158.9 79.6 
D C 19.5 -314.1 787.0 817.8 126.4 379.8 -3.7 969.8 
F 1347.124616 1358.631641 2.062262 
E -0.553862 140.565351 66.232739 0.216394 
W C 1043.5 113.5 1865.1 734.0 1618.2 1465.4 958.6 1257.8 519.8 839.2 240.8 1601.0 
W E -0.193 84.1 63.1 -2.715 65.7 138.5 -0.660 160.9 57.1 -0.290 115.1 58.6 0.049 86.9 75.2 0.353 158.7 79.5 
D C -32.5 -322.0 739.6 817.2 75.5 375.2 -57.4 971.4 
F 1323.579341 1395.334546 2.129550 
E -0.517571 142.674161 66.448163 0.238085 
W C 1043.3 113.4 1865.1 733.5 1618.2 1466.4 958.8 1257.5 519.7 839.1 241.1 1600.9 
W E -0.193 84.1 63.1 -2.714 65.7 138.5 -0.660 160.8 57.0 -0.289 115.0 58.4 0.047 86.8 75.1 0.354 158.5 79.4 
D C -47.5 -322.1 722.7 813.6 62.7 376.4 -69.6 973.6 
F 1297.739566 1430.076879 2.199046 
E -0.479239 144.793856 67.194713 0.258105 
W C 1043.1 113.3 1865.0 733.1 1618.3 1467.4 959.0 1257.0 519.5 839.1 241.3 1600.7 
W E -0.193 84.1 63.1 -2.714 65.6 138.4 -0.660 160.7 56.9 -0.289 115.0 58.3 0.047 86.8 75.1 0.354 158.4 79.2 
D C -112.3 -327.2 725.8 768.1 37.2 368.9 
F 1268.222216 1464.303034 2.284778 
E -0.440557 147.098427 68.494187 0.277774 
W C 1043.1 113.3 1865.0 733.2 1618.1 1467.4 959.1 1256.9 519.4 839.2 241.4 1600.5 
W E -0.193 84.1 63.1 -2.714 65.6 138.4 -0.660 160.6 56.9 -0.288 114.9 58.2 0.047 86.8 75.1 0.355 158.2 79.1 
D C 737.4 716.2 29.7 360.8 
F 1267.649020 1464.895484 2.281629 
E -0.443734 146.734928 67.587921 0.257545 
W C 1043.1 113.3 1864.9 733.5 1617.7 1467.7 959.3 1256.7 519.3 839.2 241.7 1600.6 
W E -0.193 84.1 63.1 -2.714 65.6 138.4 -0.660 160.5 56.8 -0.288 114.9 58.1 0.047 86.8 75.1 0.355 158.1 79.0 
D C 749.0 659.2 21.4 352.5 
F 1234.794269 1496.027198 2.370450 
E -0.404162 148.859127 68.839854 0.278405 
W C 1043.0 113.4 1864.9 733.6 1617.5 1467.9 959.5 1256.6 519.2 839.2 241.9 1600.6 
W E -0.193 84.1 63.1 -2.714 65.6 138.4 -0.660 160.4 56.8 -0.287 114.8 58.1 0.047 86.8 75.0 0.356 158.0 78.9 
D C 758.7 612.0 13.7 349.5 
F 1200.125098 1524.645759 2.454536 
E -0.362388 150.770602 70.411017 0.291348 
W C 1043.0 113.4 1864.8 733.6 1617.4 1467.9 959.6 1256.7 519.1 839.3 242.0 1600.5 
W E -0.193 84.1 63.1 -2.714 65.6 138.4 -0.660 160.3 56.8 -0.287 114.7 58.0 0.047 86.8 75.0 0.357 157.8 78.8 
D C 758.2 585.2 7.2 348.2 
F 1163.475076 1549.696218 2.542150 
E -0.320110 152.396202 72.207313 0.299030 
W C 1043.0 113.4 1864.8 733.6 1617.4 1467.8 959.7 1256.8 519.1 839.3 241.9 1600.3 
W E -0.193 84.1 63.1 -2.714 65.6 138.3 -0.660 160.2 56.8 -0.286 114.6 57.9 0.047 86.8 75.0 0.357 157.7 78.7 
D C 770.6 508.9 -4.5 342.3 
F 1163.207619 1549.934061 2.539685 
E -0.326259 151.835770 71.073871 0.274891 
W C 1043.0 113.4 1864.8 733.6 1617.3 1468.0 959.8 1256.8 519.1 839.3 242.1 1600.3 
W E -0.193 84.1 63.1 -2.714 65.6 138.3 -0.660 160.1 56.8 -0.286 114.6 57.9 0.047 86.8 75.0 0.358 157.6 78.7 
D C 766.6 476.4 -6.5 341.0 
F 1123.178698 1571.176325 2.639356 
E -0.287827 153.019464 72.159326 0.279485 
W C 1042.9 113.4 1864.7 733.8 1616.9 1468.2 959.9 1256.8 519.1 839.2 242.2 1600.3 
W E -0.193 84.1 63.1 -2.714 65.6 138.3 -0.660 160.0 56.8 -0.285 114.5 57.8 0.045 86.7 74.9 0.358 157.4 78.5 
D C 760.5 392.3 151.5 927.9 -23.1 337.4 
F 1082.020793 1587.807245 2.785839 
E -0.250180 153.926441 73.311855 0.296856 
W C 1042.9 113.4 1864.6 733.8 1616.6 1468.2 959.9 1257.0 519.4 839.0 242.2 1600.3 
W E -0.193 84.1 63.1 -2.714 65.6 138.3 -0.660 159.9 56.8 -0.285 114.4 57.7 0.042 86.6 74.7 0.358 157.3 78.4 
D C 755.6 338.4 180.4 910.6 -30.4 337.6 
F 1041.419980 1600.360830 2.910004 
E -0.212977 154.164398 74.431823 0.302821 
W C 1042.8 113.4 1864.6 733.7 1616.6 1468.1 959.8 1257.4 519.7 838.8 242.2 1600.1 
W E -0.193 84.1 63.1 -2.714 65.6 138.3 -0.660 159.8 56.8 -0.285 114.3 57.7 0.040 86.5 74.6 0.358 157.1 78.2 
D C 757.7 290.3 220.0 892.9 -24.9 334.6 
F 1001.845221 1606.955156 3.018576 
E -0.179742 153.785563 75.337067 0.295891 
W C 1042.8 113.4 1864.6 733.6 1616.7 1468.0 959.8 1257.6 519.9 838.7 242.0 1600.0 
W E -0.193 84.1 63.1 -2.714 65.6 138.3 -0.660 159.8 56.8 -0.285 114.1 57.6 0.037 86.4 74.4 0.359 157.0 78.1 
D C 753.6 172.2 303.5 850.2 -19.5 330.7 
F 1000.972990 1607.063133 3.012747 
E -0.189228 153.070591 73.698021 0.262393 
W C 1042.7 113.4 1864.5 733.6 1616.4 1468.1 959.9 1257.6 520.0 838.7 242.0 1599.9 
W E -0.193 84.1 63.1 -2.714 65.6 138.3 -0.660 159.7 56.8 -0.285 114.1 57.6 0.035 86.3 74.3 0.359 156.8 78.0 
D C 738.4 98.5 347.6 819.4 -20.3 325.7 
F 959.765478 1606.513800 -3.148881 
E -0.156455 152.407844 74.411555 0.274072 
W C 1042.7 113.4 1864.5 733.6 1616.3 1468.2 960.0 1257.7 520.2 838.7 241.8 1599.8 
W E -0.193 84.1 63.1 -2.714 65.6 138.3 -0.660 159.6 56.8 -0.285 114.0 57.5 0.033 86.2 74.1 0.359 156.6 77.8 
D C 717.3 27.0 393.3 776.9 -18.0 321.5 
F 919.881379 1601.785109 -3.031809 
E -0.125633 151.314856 75.147980 0.278875 
W C 1042.7 113.4 1864.5 733.6 1616.2 1468.1 960.1 1257.8 520.3 838.7 241.6 1599.7 
W E -0.193 84.1 63.1 -2.714 65.6 138.3 -0.660 159.6 56.8 -0.285 113.9 57.5 0.031 86.1 74.0 0.359 156.5 77.7 
D C 686.3 -48.0 429.1 732.3 -16.8 318.1 
F 881.137331 1594.764387 -2.925238 
E -0.095417 149.841466 75.957117 0.283042 
W C 1042.7 113.4 1864.5 733.5 1616.3 1467.9 959.9 1258.0 520.6 838.7 241.2 1599.5 
W E -0.193 84.1 63.1 -2.714 65.6 138.3 -0.660 159.6 56.8 -0.286 113.8 57.4 0.029 86.1 73.8 0.359 156.4 77.5 
D C 674.1 -78.4 446.2 710.7 -17.8 317.5 
F 840.725128 1582.512602 -2.865048 
E -0.066449 148.019528 76.778541 0.272858 
W C 1042.8 113.3 1864.5 733.4 1616.5 1467.8 959.8 1258.1 520.7 838.8 240.9 1599.4 
W E -0.193 84.1 63.1 -2.714 65.6 138.3 -0.660 159.5 56.8 -0.286 113.7 57.3 0.027 86.0 73.6 0.359 156.2 77.4 
D C 609.6 -186.5 504.6 627.4 -14.5 310.6 
F 840.259394 1578.598169 -2.844430 
E -0.074275 147.401361 74.406933 0.238634 
W C 1042.4 113.7 1864.6 733.2 1616.5 1467.6 960.2 1257.9 521.0 838.5 240.7 1599.1 
W E -0.190 83.9 63.0 -2.714 65.6 138.2 -0.660 159.4 56.8 -0.286 113.6 57.2 0.028 85.9 73.5 0.360 156.0 77.1 
D C 563.9 -251.5 530.6 579.1 277.6 1401.2 -14.4 307.3 
F 797.813725 1561.585702 -2.818365 
E -0.043172 145.528091 75.208680 0.248341 
W C 1042.5 113.6 1864.5 733.2 1616.5 1467.6 960.2 1257.8 521.0 838.4 240.4 1599.2 
W E -0.190 83.9 63.0 -2.714 65.6 138.2 -0.660 159.4 56.8 -0.287 113.5 57.2 0.027 85.8 73.3 0.360 155.9 76.9 
D C 514.5 -280.6 518.6 548.9 -35.7 302.6 
F 756.659238 1542.301306 -2.782226 
E -0.012925 143.742882 76.049076 0.252975 
W C 1042.6 113.6 1864.5 733.2 1616.5 1467.6 960.3 1257.8 521.0 838.4 240.2 1599.5 
W E -0.190 83.9 63.0 -2.714 65.6 138.2 -0.660 159.4 56.8 -0.287 113.5 57.1 0.026 85.7 73.1 0.360 155.8 76.8 
D C 462.0 -312.3 514.2 521.3 -55.7 302.8 
F 716.576066 1520.955933 -2.747190 
E 0.019713 142.247418 76.465344 0.249935 
W C 1042.1 113.9 1864.7 733.0 1616.7 1467.5 961.1 1257.7 521.0 837.9 239.8 1599.1 
W E -0.187 83.8 62.9 -2.713 65.6 138.1 -0.660 159.3 56.7 -0.287 113.4 57.0 0.028 85.6 72.9 0.360 155.6 76.5 
D C 438.5 -324.7 505.4 512.4 343.0 1356.1 
F 716.213435 1517.562812 -2.730022 
E 0.015466 141.924145 74.970628 0.232101 
W C 1042.2 113.8 1864.6 733.0 1616.5 1467.6 961.1 1257.6 521.1 837.8 239.5 1599.4 
W E -0.187 83.8 62.9 -2.713 65.6 138.1 -0.660 159.2 56.7 -0.287 113.4 57.0 0.028 85.5 72.8 0.360 155.5 76.3 
D C 383.7 -330.5 458.1 506.2 
F 675.736198 1496.151955 -2.709677 
E 0.049305 140.372733 75.429160 0.240544 
W C 1041.9 114.1 1864.7 732.8 1616.6 1467.4 961.5 1257.5 521.3 837.5 239.3 1599.3 
W E -0.184 83.6 62.8 -2.713 65.6 138.1 -0.660 159.2 56.7 -0.287 113.3 57.0 0.030 85.4 72.6 0.360 155.4 76.1 
D C 366.5 -329.6 439.9 510.8 282.2 1358.8 
F 636.208897 1474.830622 -2.695625 
E 0.081868 138.889152 75.862275 0.243748 
W C 1041.7 114.3 1864.8 732.6 1616.8 1467.2 961.7 1257.3 521.4 837.3 239.2 1599.2 
W E -0.182 83.5 62.7 -2.713 65.6 138.0 -0.660 159.1 56.7 -0.287 113.3 56.9 0.033 85.3 72.4 0.360 155.3 75.8 
D C 314.1 -329.4 389.6 509.6 234.2 1355.6 
F 596.396959 1454.028423 -2.686644 
E 0.112166 137.496548 76.867316 0.255050 
W C 1041.9 114.3 1864.8 732.5 1616.8 1467.2 961.8 1257.3 521.4 837.2 238.9 1599.4 
W E -0.182 83.4 62.7 -2.713 65.6 138.0 -0.660 159.0 56.7 -0.287 113.2 56.9 0.034 85.2 72.3 0.360 155.2 75.6 
D C 281.4 -334.0 358.1 509.2 
F 558.129019 1433.686108 -2.679583 
E 0.144567 136.088475 77.516852 0.251859 
W C 1041.6 114.4 1865.0 732.2 1617.3 1466.8 962.3 1257.3 521.3 837.1 238.5 1599.1 
W E -0.179 83.3 62.6 -2.713 65.6 137.9 -0.660 158.9 56.7 -0.287 113.2 56.8 0.036 85.1 72.1 0.360 155.1 75.4 
D C 264.3 -331.8 342.2 513.0 188.3 1362.5 
F 557.902302 1432.408916 -2.674432 
E 0.141161 135.540741 76.214022 0.234173 
W C 1041.7 114.4 1864.9 732.3 1617.1 1466.9 962.2 1257.3 521.5 836.9 238.3 1599.3 
W E -0.179 83.3 62.6 -2.713 65.6 137.9 -0.660 158.9 56.7 -0.287 113.2 56.8 0.037 85.1 72.0 0.360 155.0 75.2 
D C 211.3 -333.1 291.9 512.5 
F 517.504073 1411.144295 -2.670761 
E 0.171944 134.254332 77.487053 0.250845 
W C 1041.8 114.4 1864.9 732.4 1616.9 1467.0 962.0 1257.2 521.7 836.8 238.1 1599.6 
W E -0.179 83.3 62.6 -2.713 65.6 137.9 -0.660 158.8 56.7 -0.288 113.1 56.8 0.037 85.0 71.9 0.360 154.8 75.1 
D C 162.4 -332.1 238.8 514.0 
F 479.058730 1389.389606 -2.609353 
E 0.202714 132.961330 79.239358 0.268059 
W C 1041.7 114.4 1864.9 732.4 1617.0 1466.9 962.1 1257.2 521.9 836.8 237.4 1599.5 
W E -0.179 83.3 62.6 -2.713 65.6 137.9 -0.660 158.8 56.7 -0.288 113.1 56.8 0.037 84.9 71.7 0.360 154.7 75.0 
D C 143.5 -331.4 221.4 517.6 
F 442.619354 1367.838789 -2.556827 
E 0.237467 131.452084 80.714317 0.268094 
W C 1041.9 114.5 1865.0 732.0 1617.5 1466.4 962.5 1257.0 522.0 836.8 236.3 1599.5 
W E -0.176 83.1 62.6 -2.713 65.6 137.8 -0.660 158.7 56.7 -0.288 113.1 56.8 0.039 84.8 71.6 0.360 154.6 74.8 
D C 109.7 -338.3 205.5 510.3 87.2 1366.9 
F 442.333235 1367.479546 -2.561084 
E 0.238882 130.695556 79.135346 0.240529 
W C 1041.8 114.7 1865.0 731.8 1617.5 1466.2 962.6 1256.8 522.2 836.7 236.1 1599.5 
W E -0.173 82.9 62.5 -2.713 65.6 137.8 -0.660 158.6 56.7 -0.288 113.0 56.7 0.041 84.7 71.5 0.360 154.4 74.6 
D C 51.7 -354.2 204.8 495.6 152.2 1344.3 
F 407.992763 1340.036962 -2.479380 
E 0.278044 129.196121 80.728493 0.256713 
W C 1041.7 114.8 1865.1 731.6 1617.7 1466.0 962.8 1256.6 522.5 836.5 235.4 1599.4 
W E -0.170 82.8 62.4 -2.713 65.6 137.7 -0.659 158.5 56.7 -0.287 113.0 56.7 0.042 84.6 71.3 0.360 154.2 74.4 
D C -2.0 -366.8 201.7 479.7 201.0 1334.0 
F 375.494445 1308.849655 -2.394967 
E 0.319505 127.538638 82.646013 0.266624 
W C 1041.6 115.0 1865.2 731.5 1617.8 1465.8 962.9 1256.5 522.9 836.4 234.7 1599.3 
W E -0.167 82.6 62.4 -2.713 65.6 137.7 -0.659 158.5 56.7 -0.287 112.9 56.7 0.044 84.4 71.2 0.360 154.1 74.2 
D C -89.3 -367.3 193.6 452.6 287.5 1303.5 
F 346.728757 1277.570307 -2.323964 
E 0.356535 125.829206 85.562428 0.285217 
W C 1041.6 114.9 1865.2 731.5 1617.9 1465.7 963.1 1256.4 523.2 836.3 233.2 1599.4 
W E -0.167 82.6 62.4 -2.713 65.6 137.7 -0.659 158.5 56.7 -0.287 112.9 56.7 0.043 84.4 71.1 0.361 153.9 74.1 
D C -114.9 -367.4 192.3 445.6 
F 346.322291 1277.686904 -2.326489 
E 0.363752 125.464975 84.985725 0.272918 
W C 1041.5 114.9 1865.2 731.5 1617.8 1465.7 963.0 1256.4 523.3 836.4 233.2 1599.3 
W E -0.167 82.6 62.4 -2.713 65.6 137.7 -0.659 158.4 56.7 -0.287 112.9 56.7 0.042 84.3 71.0 0.360 153.9 74.1 
D C 188.6 433.5 
F 319.562277 1240.996277 -2.181939 
E 0.416449 123.975424 88.066942 0.301754 
W C 1041.4 114.8 1865.3 731.6 1617.7 1465.8 962.9 1256.4 523.4 836.5 233.2 1599.3 
W E -0.167 82.6 62.4 -2.714 65.5 137.6 -0.659 158.4 56.7 -0.287 112.9 56.7 0.040 84.2 70.9 0.360 153.8 74.0 
D C 180.2 421.1 -535.6 1553.0 
F 298.375981 1201.882344 -2.030585 
E 0.469150 122.087731 91.187521 0.321300 
W C 1041.2 114.8 1865.3 731.8 1617.6 1465.9 962.9 1256.3 523.5 836.7 233.4 1599.2 
W E -0.167 82.5 62.4 -2.715 65.4 137.5 -0.659 158.4 56.7 -0.288 112.9 56.6 0.038 84.2 70.7 0.359 153.8 74.0 
D C 191.5 396.3 -394.3 1589.8 
F 281.524698 1164.088066 -1.918513 
E 0.513543 119.788304 93.890862 0.324026 
W C 1041.1 114.8 1865.3 732.0 1617.6 1465.9 962.9 1256.2 523.5 836.8 233.6 1599.1 
W E -0.167 82.5 62.4 -2.716 65.3 137.4 -0.659 158.4 56.7 -0.288 112.9 56.6 0.035 84.1 70.6 0.359 153.7 73.9 
D C 195.4 385.9 -341.6 1607.4 
F 269.131519 1124.776100 -1.834245 
E 0.549353 117.220197 96.316537 0.316486 
W C 1041.0 114.7 1865.3 732.0 1617.6 1465.9 962.9 1256.1 523.5 836.8 233.7 1599.1 
W E -0.167 82.5 62.3 -2.717 65.2 137.4 -0.659 158.4 56.7 -0.288 112.9 56.6 0.032 84.0 70.5 0.358 153.7 73.8 
D C 197.8 352.4 -152.7 1641.1 
F 268.726070 1124.774663 -1.837048 
E 0.562860 116.843831 95.669090 0.301375 
W C 1041.0 114.7 1865.3 732.0 1617.6 1465.9 962.9 1256.1 523.6 836.9 233.7 1599.0 
W E -0.167 82.5 62.3 -2.717 65.2 137.4 -0.659 158.4 56.7 -0.288 112.9 56.6 0.031 83.9 70.4 0.358 153.6 73.8 
D C 201.8 323.6 
F 259.424738 1080.170954 -1.817435 
E 0.602890 114.039925 98.350176 0.298958 
W C 1041.0 114.8 1865.2 732.0 1617.5 1465.9 962.8 1256.2 523.7 836.9 233.5 1599.0 
W E -0.167 82.5 62.3 -2.718 65.1 137.3 -0.660 158.4 56.7 -0.288 112.8 56.6 0.027 83.8 70.2 0.357 153.6 73.7 
D C 186.7 307.7 73.9 1631.5 
F 252.222904 1035.991955 -1.791880 
E 0.645437 111.422070 101.078449 0.297544 
W C 1041.1 114.8 1865.2 732.0 1617.4 1466.0 962.8 1256.2 523.9 836.8 233.3 1599.0 
W E -0.167 82.5 62.3 -2.719 65.0 137.2 -0.660 158.4 56.7 -0.288 112.8 56.6 0.024 83.7 70.1 0.356 153.5 73.7 
D C 156.7 300.3 108.7 1625.6 
F 248.848942 991.038429 -1.701466 
E 0.708518 108.793378 101.808779 0.284762 
W C 1040.8 114.8 1865.4 731.9 1617.4 1466.0 962.7 1256.2 524.1 836.5 233.3 1599.2 
W E -0.165 82.3 62.3 -2.719 64.9 137.1 -0.659 158.3 56.7 -0.288 112.8 56.6 0.019 83.5 69.9 0.355 153.4 73.5 
D C 777.9 870.3 142.8 297.7 130.5 1647.7 
F 246.196811 946.642866 -1.621212 
E 0.769345 106.061009 102.299548 0.281365 
W C 1040.8 115.0 1865.4 731.8 1617.5 1465.9 962.8 1256.2 524.1 836.4 233.4 1599.1 
W E -0.163 82.1 62.2 -2.720 64.8 137.0 -0.659 158.3 56.6 -0.287 112.8 56.6 0.016 83.3 69.6 0.354 153.2 73.3 
D C 744.5 853.8 91.7 296.6 109.0 1630.4 
F 246.507751 944.960816 -1.622991 
E 0.757327 105.529654 100.216619 0.262527 
W C 1040.4 115.1 1865.5 731.7 1617.5 1465.8 962.9 1256.0 524.5 836.7 233.2 1598.4 
W E -0.161 81.9 62.2 -2.720 64.7 137.0 -0.659 158.3 56.6 -0.287 112.8 56.6 0.014 83.2 69.4 0.353 153.1 73.2 
D C 769.1 794.2 75.3 286.5 
F 249.522496 898.616281 -1.527240 
E 0.729257 102.731531 101.549983 0.285421 
W C 1040.1 115.1 1865.6 731.6 1617.5 1465.8 962.9 1255.9 524.8 837.0 233.0 1598.0 
W E -0.159 81.7 62.1 -2.720 64.7 137.0 -0.659 158.2 56.6 -0.287 112.7 56.6 0.012 83.1 69.1 0.352 153.1 73.0 
D C 796.1 731.6 59.8 275.2 
F 256.306412 852.778561 -1.437271 
E -0.567335 102.803389 99.860071 0.299549 
W C 1039.9 115.2 1865.6 731.4 1617.6 1465.7 963.0 1255.8 524.9 837.2 232.9 1597.6 
W E -0.156 81.5 62.0 -2.720 64.7 136.9 -0.659 158.2 56.6 -0.287 112.7 56.5 0.012 83.0 68.8 0.351 153.0 72.9 
D C 798.9 673.2 39.8 269.8 
F 265.699636 809.685767 -1.355401 
E -0.546248 103.124679 97.035930 0.293306 
W C 1040.0 115.3 1865.7 731.3 1617.5 1465.5 963.1 1255.8 525.0 837.1 233.1 1597.7 
W E -0.154 81.4 62.0 -2.720 64.7 136.9 -0.659 158.1 56.6 -0.287 112.7 56.5 0.012 82.9 68.5 0.350 152.9 72.8 
D C 806.7 646.7 27.1 268.4 -373.5 1413.0 
F 267.615276 806.973835 -1.353832 
E -0.447960 99.730180 96.492241 0.262689 
W C 1039.9 115.3 1865.7 731.2 1617.5 1465.5 963.1 1255.6 525.3 837.8 232.7 1596.9 
W E -0.152 81.2 61.9 -2.721 64.6 136.8 -0.659 158.1 56.5 -0.287 112.7 56.5 0.014 82.8 68.2 0.349 152.8 72.7 
D C 816.6 568.6 474.0 1516.4 -0.2 265.4 
F 283.255637 762.282044 -1.260611 
E -0.481175 101.095341 93.910629 0.289398 
W C 1040.1 115.2 1865.8 731.0 1617.4 1465.4 963.1 1255.5 525.2 838.7 232.4 1596.4 
W E -0.152 81.1 61.9 -2.721 64.5 136.8 -0.659 158.1 56.5 -0.287 112.7 56.5 0.016 82.8 67.9 0.349 152.8 72.6 
D C 572.4 1473.6 -29.0 267.1 
F 301.094273 721.573218 -1.169776 
E -0.485079 101.270601 91.851582 0.290513 
W C 1040.1 115.3 1865.8 730.9 1617.5 1465.3 963.2 1255.4 525.2 838.5 232.5 1596.3 
W E -0.151 80.9 61.9 -2.722 64.4 136.7 -0.659 158.1 56.5 -0.287 112.7 56.5 0.017 82.7 67.8 0.348 152.8 72.6 
D C 817.8 457.5 599.2 1437.2 
F 322.252853 681.616830 -1.081575 
E -0.479501 101.406681 90.005020 0.291588 
W C 1040.0 115.5 1865.7 730.8 1617.6 1465.2 963.3 1255.4 525.3 838.4 232.6 1596.4 
W E -0.150 80.8 61.8 -2.722 64.3 136.6 -0.659 158.1 56.5 -0.287 112.6 56.5 0.019 82.6 67.8 0.348 152.7 72.5 
D C 813.0 394.5 662.2 1391.8 
F 344.942171 644.838053 -1.000973 
E -0.472120 101.322283 88.411578 0.289742 
W C 1040.0 115.6 1865.8 730.7 1617.7 1465.1 963.3 1255.4 525.3 838.2 232.7 1596.4 
W E -0.149 80.6 61.8 -2.723 64.2 136.5 -0.659 158.0 56.5 -0.286 112.6 56.5 0.021 82.5 67.7 0.348 152.7 72.5 
D C 801.2 338.3 710.7 1352.0 
F 346.867293 644.622998 -0.994865 
E -0.548289 99.145109 87.606905 0.252268 
W C 1039.9 115.7 1865.8 730.6 1617.7 1464.9 963.4 1255.3 525.6 838.2 232.7 1596.3 
W E -0.148 80.4 61.7 -2.723 64.0 136.5 -0.659 158.0 56.4 -0.286 112.6 56.5 0.022 82.5 67.7 0.348 152.7 72.4 
D C 783.6 281.0 764.5 1295.6 35.1 1477.0 
F 376.881345 609.531755 -0.897319 
E -0.552907 99.110132 85.517486 0.259071 
W C 1039.8 115.9 1865.7 730.5 1617.6 1464.6 963.5 1255.3 525.8 838.2 232.8 1596.2 
W E -0.148 80.2 61.6 -2.724 63.9 136.4 -0.659 157.9 56.3 -0.286 112.6 56.5 0.022 82.4 67.6 0.348 152.7 72.4 
D C 764.5 209.6 833.2 1216.3 116.1 1466.2 
F 407.629003 576.603659 -0.817214 
E -0.548261 98.948289 83.212453 0.254325 
W C 1039.9 116.0 1865.8 730.4 1617.5 1464.5 963.4 1255.1 526.0 838.4 233.0 1596.3 
W E -0.148 80.1 61.6 -2.724 63.8 136.3 -0.659 157.9 56.3 -0.286 112.6 56.4 0.023 82.3 67.5 0.348 152.7 72.3 
D C 750.4 188.6 850.1 1201.2 138.7 1465.5 -131.7 814.5 
F 440.232336 546.453056 -0.740933 
E -0.537483 98.678107 81.002872 0.251152 
W C 1040.0 116.2 1865.9 730.3 1617.5 1464.2 963.3 1254.9 526.1 838.5 233.2 1596.5 
W E -0.148 79.9 61.5 -2.724 63.7 136.2 -0.659 157.8 56.2 -0.286 112.5 56.4 0.023 82.2 67.5 0.348 152.7 72.3 
D C 727.1 133.6 899.2 1132.4 210.0 1454.1 -106.8 819.3 
F 441.721546 546.828009 -0.736966 
E -0.575804 97.301922 79.815649 0.222427 
W C 1040.0 116.4 1866.0 730.1 1617.5 1464.0 963.3 1254.7 526.3 838.7 233.3 1596.5 
W E -0.148 79.7 61.4 -2.725 63.6 136.2 -0.659 157.8 56.1 -0.286 112.5 56.3 0.023 82.2 67.4 0.348 152.7 72.3 
D C 698.3 82.3 944.5 1076.4 270.3 1433.5 -82.0 825.8 
F 478.288377 520.541468 -0.645782 
E -0.555128 97.080451 77.578571 0.237467 
W C 1040.0 116.6 1866.1 729.9 1617.5 1463.7 963.2 1254.5 526.5 838.8 233.5 1596.5 
W E -0.149 79.6 61.4 -2.725 63.5 136.1 -0.659 157.7 56.0 -0.285 112.4 56.2 0.023 82.1 67.3 0.348 152.7 72.2 
D C 666.6 37.4 967.4 1005.2 325.5 1413.6 -64.3 828.6 
F 517.161582 497.349619 -0.555459 
E -0.532688 96.740772 75.557408 0.243777 
W C 1040.0 116.8 1866.1 729.7 1617.6 1463.5 963.2 1254.3 526.7 838.9 233.6 1596.6 
W E -0.149 79.4 61.3 -2.725 63.4 136.0 -0.659 157.7 55.9 -0.285 112.4 56.1 0.023 82.1 67.3 0.347 152.6 72.2 
D C 622.5 -24.4 1014.1 914.9 411.7 1376.0 -33.9 834.3 
F 556.192763 476.656704 -0.479616 
E -0.511193 96.281310 73.755685 0.245660 
W C 1040.2 116.9 1866.1 729.5 1617.6 1463.2 963.2 1254.0 526.7 839.0 233.8 1596.8 
W E -0.150 79.2 61.2 -2.725 63.3 135.9 -0.659 157.6 55.8 -0.285 112.4 56.1 0.023 82.0 67.2 0.347 152.6 72.2 
D C 604.6 -51.6 1023.5 862.5 449.3 1363.5 -13.3 827.0 
F 595.252788 458.816762 -0.408744 
E -0.493178 95.731653 72.163993 0.245296 
W C 1040.5 117.1 1866.2 729.3 1617.7 1463.0 963.2 1253.7 526.6 839.2 234.0 1596.9 
W E -0.152 79.1 61.1 -2.725 63.1 135.9 -0.659 157.6 55.7 -0.285 112.3 56.0 0.023 82.0 67.2 0.347 152.6 72.1 
D C 568.7 -89.3 1040.7 798.1 498.2 1330.7 -0.6 831.2 
F 596.125298 459.449338 -0.405131 
E -0.514542 94.622669 70.797934 0.217793 
W C 1040.6 117.3 1866.2 729.1 1617.8 1462.7 963.2 1253.5 526.7 839.3 234.2 1597.0 
W E -0.153 78.9 61.0 -2.725 63.0 135.8 -0.659 157.5 55.6 -0.284 112.3 55.9 0.024 81.9 67.1 0.347 152.6 72.1 
D C 527.9 -130.1 1061.6 724.8 555.9 1288.5 29.9 827.4 
F 638.543426 445.616829 -0.339044 
E -0.494562 94.050075 69.286646 0.229672 
W C 1040.7 117.5 1866.2 728.9 1617.8 1462.4 963.2 1253.3 526.7 839.4 234.4 1597.1 
W E -0.155 78.8 60.9 -2.725 62.9 135.7 -0.658 157.5 55.5 -0.284 112.2 55.9 0.024 81.9 67.1 0.347 152.6 72.1 
D C 489.8 -161.4 1074.0 658.4 599.7 1250.5 49.9 822.7 
F 682.562950 433.802554 -0.316290 
E -0.480081 93.398697 68.075842 0.231412 
W C 1040.8 117.7 1866.2 728.7 1617.9 1462.2 963.2 1253.1 526.7 839.5 234.5 1597.2 
W E -0.157 78.6 60.8 -2.725 62.8 135.6 -0.658 157.4 55.4 -0.284 112.2 55.8 0.024 81.9 67.0 0.347 152.5 72.0 
D C 424.9 -203.8 1063.6 573.7 634.1 1206.3 54.5 815.3 
F 725.255065 422.460467 -0.298446 
E -0.471974 92.757819 67.128140 0.231769 
W C 1041.1 117.9 1866.3 728.5 1618.0 1462.0 963.3 1252.8 526.6 839.5 234.7 1597.4 
W E -0.159 78.4 60.7 -2.725 62.7 135.5 -0.658 157.4 55.3 -0.283 112.2 55.7 0.025 81.8 67.0 0.347 152.5 72.0 
D C 408.4 -202.0 1043.3 583.6 616.2 1207.9 36.9 814.5 
F 725.977554 423.654668 -0.291400 
E -0.486240 91.733848 65.698166 0.208357 
W C 1041.2 118.1 1866.2 728.3 1618.1 1461.7 963.3 1252.6 526.6 839.6 234.9 1597.4 
W E -0.162 78.3 60.5 -2.725 62.6 135.4 -0.658 157.3 55.2 -0.283 112.1 55.7 0.025 81.8 66.9 0.347 152.5 72.0 
D C 380.0 -201.3 1007.7 584.2 584.3 1208.8 4.4 815.2 
F 769.317136 411.889065 -0.285953 
E -0.465514 91.768449 65.763851 0.229509 
W C 1041.4 118.3 1866.2 728.1 1618.1 1461.5 963.3 1252.5 526.7 839.8 235.0 1597.5 
W E -0.164 78.2 60.5 -2.725 62.5 135.4 -0.657 157.3 55.2 -0.283 112.1 55.6 0.025 81.8 66.9 0.347 152.5 72.0 
D C 962.2 581.7 529.8 1207.7 -43.5 821.1 
F 811.624399 400.338282 -0.279027 
E -0.469391 91.066955 65.332500 0.230038 
W C 1041.8 118.5 1866.1 727.8 1618.3 1461.2 963.4 1252.2 526.5 839.8 235.2 1597.7 
W E -0.168 78.0 60.4 -2.724 62.3 135.3 -0.657 157.2 55.1 -0.283 112.1 55.6 0.025 81.8 66.9 0.347 152.5 72.0 
D C 314.8 -199.0 943.1 578.1 513.7 1211.2 -58.9 823.9 
F 853.969375 388.625797 -0.278352 
E -0.481314 90.334767 65.157828 0.230018 
W C 1042.2 118.8 1866.1 727.5 1618.4 1460.9 963.5 1252.0 526.4 839.9 235.4 1597.9 
W E -0.172 77.8 60.3 -2.724 62.2 135.2 -0.657 157.1 55.0 -0.282 112.0 55.5 0.026 81.8 66.8 0.347 152.5 71.9 
D C 265.7 -198.0 891.4 580.9 465.3 1208.9 -108.0 828.4 
F 897.301356 377.833119 -0.267322 
E -0.469594 90.444880 66.652227 0.241883 
W C 1042.2 118.9 1866.1 727.4 1618.5 1460.7 963.6 1251.9 526.4 839.9 235.6 1598.0 
W E -0.175 77.8 60.2 -2.724 62.1 135.1 -0.657 157.1 54.9 -0.282 112.0 55.4 0.025 81.7 66.8 0.347 152.4 71.9 
D C 869.8 582.1 451.0 1216.1 -123.8 830.4 
F 897.800561 378.175736 -0.267497 
E -0.465860 90.026720 65.702006 0.222168 
W C 1042.4 119.0 1866.0 727.3 1618.4 1460.6 963.5 1251.8 526.4 840.0 235.6 1598.0 
W E -0.177 77.7 60.2 -2.724 62.0 135.1 -0.657 157.1 54.8 -0.282 112.0 55.4 0.025 81.7 66.8 0.347 152.4 71.9 
D C 819.7 578.2 395.0 1211.1 -171.4 832.0 
F 942.191785 368.922167 -0.198156 
E -0.449592 90.331631 67.518718 0.245074 
W C 1042.4 118.9 1865.9 727.5 1618.3 1460.6 963.5 1251.7 526.5 840.1 235.6 1598.0 
W E -0.178 77.6 60.2 -2.725 62.0 135.1 -0.656 157.1 54.8 -0.282 112.0 55.3 0.025 81.7 66.8 0.347 152.4 71.9 
D C 786.8 577.0 369.8 1208.9 -199.2 836.0 
F 985.504313 362.258051 -0.129211 
E -0.435384 90.562372 69.748426 0.256999 
W C 1042.3 118.9 1865.9 727.7 1618.3 1460.6 963.5 1251.6 526.5 840.2 235.7 1598.1 
W E -0.180 77.6 60.1 -2.725 61.9 135.0 -0.656 157.1 54.7 -0.282 112.0 55.3 0.025 81.7 66.8 0.346 152.4 71.9 
D C 791.9 547.7 397.6 1194.2 -178.9 841.8 
F 1029.956831 358.568727 -0.056879 
E -0.426762 90.749703 72.387122 0.264199 
W C 1042.2 118.9 1866.0 727.8 1618.2 1460.6 963.5 1251.4 526.5 840.3 235.7 1598.2 
W E -0.182 77.5 60.1 -2.725 61.8 135.0 -0.656 157.0 54.6 -0.282 112.0 55.2 0.025 81.7 66.8 0.346 152.4 71.9 
D C 800.5 487.3 456.3 1164.3 -151.4 853.1 
F 1029.976387 358.112909 -0.062513 
E -0.425778 90.425463 71.054101 0.238220 
W C 1042.2 118.9 1866.0 727.9 1618.2 1460.6 963.6 1251.3 526.5 840.4 235.8 1598.2 
W E -0.183 77.5 60.1 -2.725 61.8 134.9 -0.656 157.0 54.6 -0.282 111.9 55.2 0.025 81.7 66.7 0.346 152.4 71.9 
D C 792.5 440.1 486.3 1136.8 -131.6 864.4 
F 1075.176698 360.170317 0.028765 
E -0.421554 90.523273 73.730267 0.254783 
W C 1042.3 118.9 1865.9 727.9 1618.2 1460.5 963.6 1251.3 526.6 840.4 235.9 1598.2 
W E -0.184 77.5 60.1 -2.725 61.7 134.9 -0.656 157.0 54.5 -0.282 111.9 55.1 0.025 81.7 66.7 0.346 152.4 71.9 
D C 783.9 354.0 551.8 1073.5 -89.2 871.4 
F 1119.462609 364.241924 0.084148 
E -0.439218 90.486937 76.511981 0.257981 
W C 1042.2 119.0 1865.9 728.0 1618.2 1460.5 963.7 1251.2 526.5 840.5 235.9 1598.3 
W E -0.186 77.4 60.1 -2.725 61.6 134.9 -0.656 157.0 54.4 -0.282 111.9 55.1 0.025 81.7 66.7 0.346 152.4 71.9 
D C 773.2 321.0 577.4 1051.0 -73.1 872.3 
F 1163.765403 370.594060 0.100774 
E -0.485800 90.502700 79.373014 0.256630 
W C 1042.1 118.9 1865.9 728.1 1618.2 1460.5 963.7 1251.1 526.5 840.5 235.9 1598.3 
W E -0.187 77.4 60.0 -2.726 61.6 134.8 -0.656 157.0 54.4 -0.282 111.9 55.1 0.025 81.7 66.7 0.346 152.4 71.9 
D C 760.3 264.8 611.3 1007.6 -49.1 875.8 
F 1207.544397 377.201367 0.116715 
E -0.578665 90.727080 82.114707 0.255271 
W C 1042.0 118.9 1866.0 728.2 1618.2 1460.5 963.8 1251.0 526.5 840.5 236.0 1598.3 
W E -0.188 77.3 60.0 -2.726 61.5 134.8 -0.656 156.9 54.3 -0.281 111.9 55.0 0.025 81.7 66.7 0.346 152.4 71.9 
D C 717.7 259.9 567.3 1010.5 -90.0 879.8 
F 1207.433839 378.122792 0.122245 
E -0.542590 90.229255 80.785964 0.231643 
W C 1042.0 118.9 1865.9 728.2 1618.2 1460.5 963.9 1251.0 526.5 840.5 236.0 1598.3 
W E -0.189 77.3 60.0 -2.726 61.4 134.7 -0.656 156.9 54.3 -0.281 111.9 55.0 0.025 81.7 66.7 0.346 152.4 71.9 
D C 700.2 258.4 553.8 1008.0 -106.8 882.8 
F 1251.733603 384.053769 0.124847 
E -0.680581 90.679652 83.360603 0.242435 
W C 1042.0 118.9 1865.9 728.3 1618.2 1460.5 963.9 1251.0 526.5 840.5 236.0 1598.3 
W E -0.190 77.3 60.0 -2.726 61.4 134.7 -0.656 156.9 54.2 -0.281 111.8 54.9 0.025 81.7 66.7 0.346 152.4 71.9 
D C 647.3 264.1 502.1 1014.8 -159.5 883.0 
F 1295.672992 390.503124 0.130525 
E -2.481621 85.487330 91.793497 0.248204 
W C 1041.9 118.9 1865.9 728.4 1618.2 1460.5 964.0 1250.9 526.5 840.5 236.0 1598.4 
W E -0.191 77.2 60.0 -2.727 61.3 134.6 -0.655 156.9 54.2 -0.281 111.8 54.9 0.025 81.7 66.7 0.346 152.3 71.9 
D C 631.6 262.2 485.8 1013.0 -177.4 888.3 
F 1339.361525 397.168782 0.139536 
E -2.728783 86.782679 93.864236 0.251079 
W C 1041.7 118.9 1866.0 728.5 1618.2 1460.6 964.1 1250.9 526.4 840.4 236.1 1598.4 
W E -0.192 77.2 60.0 -2.727 61.3 134.6 -0.655 156.8 54.1 -0.281 111.8 54.9 0.025 81.7 66.7 0.346 152.3 71.9 
D C 597.3 265.3 449.4 1015.8 -211.3 886.6 
F 1339.587909 396.764168 0.135949 
E -2.667703 86.095144 92.837957 0.228804 
W C 1041.8 118.9 1865.9 728.6 1618.2 1460.5 964.1 1250.9 526.4 840.5 236.1 1598.4 
W E -0.193 77.2 60.0 -2.727 61.2 134.5 -0.655 156.8 54.1 -0.281 111.8 54.8 0.025 81.7 66.6 0.346 152.3 71.9 
D C 549.5 266.6 401.0 1013.9 -258.8 889.9 
F 1384.343724 403.033393 0.136726 
E -2.860163 86.935844 95.522720 0.241924 
W C 1041.7 118.8 1865.9 728.7 1618.2 1460.5 964.2 1250.8 526.4 840.4 236.1 1598.4 
W E -0.194 77.2 59.9 -2.727 61.2 134.5 -0.655 156.8 54.0 -0.281 111.8 54.8 0.025 81.7 66.6 0.346 152.3 71.9 
D C 534.7 265.6 387.7 1016.7 -272.4 895.5 
F 1428.079793 408.769506 0.135712 
E -2.962916 87.364893 98.864386 0.254881 
W C 1041.6 118.8 1865.9 728.7 1618.2 1460.5 964.2 1250.8 526.4 840.4 236.1 1598.4 
W E -0.194 77.1 59.9 -2.728 61.1 134.4 -0.655 156.8 54.0 -0.281 111.8 54.8 0.025 81.7 66.6 0.346 152.3 71.9 
D C 487.4 268.7 335.3 1017.6 
F 1472.137529 414.981867 0.139492 
E -3.022440 87.662274 102.553072 0.262951 
W C 1041.6 118.8 1866.0 728.7 1618.3 1460.5 964.2 1250.8 526.4 840.4 236.1 1598.4 
W E -0.195 77.1 59.9 -2.728 61.0 134.3 -0.655 156.8 53.9 -0.281 111.8 54.8 0.025 81.7 66.6 0.346 152.3 71.9 
D C 455.4 265.9 303.6 1014.8 
F 1472.079949 414.626213 0.137935 
E -3.007833 87.263410 101.414453 0.243125 
W C 1041.5 118.8 1866.0 728.8 1618.3 1460.5 964.2 1250.8 526.4 840.4 236.1 1598.4 
W E -0.196 77.1 59.9 -2.728 61.0 134.3 -0.655 156.7 53.9 -0.281 111.8 54.8 0.024 81.7 66.6 0.346 152.3 71.9 
D C 436.2 267.4 290.6 1016.7 
F 1516.671419 420.235417 0.134937 
E -3.050918 87.523017 105.202834 0.256873 
W C 1041.5 118.8 1866.0 728.9 1618.3 1460.5 964.2 1250.8 526.4 840.4 236.1 1598.4 
W E -0.196 77.1 59.9 -2.729 60.9 134.2 -0.655 156.7 53.8 -0.281 111.8 54.8 0.024 81.7 66.6 0.346 152.3 71.9 
D C 389.4 271.1 237.9 1018.8 
F 1560.591203 426.274824 0.135754 
E -3.080729 87.720530 109.195049 0.264762 
W C 1041.4 118.8 1866.1 728.9 1618.3 1460.5 964.2 1250.8 526.4 840.4 236.1 1598.4 
W E -0.197 77.0 59.9 -2.729 60.9 134.2 -0.655 156.7 53.8 -0.281 111.7 54.8 0.024 81.7 66.6 0.346 152.3 71.9 
D C 372.0 272.8 218.6 1021.1 
F 1604.478578 432.486759 0.140539 
E -3.102672 87.851720 113.363510 0.269496 
W C 1041.3 118.7 1866.2 728.9 1618.4 1460.5 964.2 1250.8 526.3 840.4 236.1 1598.4 
W E -0.198 77.0 59.9 -2.730 60.8 134.1 -0.655 156.7 53.7 -0.281 111.7 54.8 0.024 81.7 66.6 0.346 152.3 71.9 
D C 327.8 272.8 173.6 1023.7 
F 1645.999536 439.306247 0.147568 
E -3.119434 87.861144 117.480341 0.271013 
W C 1041.1 118.7 1866.5 728.9 1618.3 1460.6 964.2 1250.8 526.3 840.4 236.2 1598.5 
W E -0.198 77.0 59.9 -2.730 60.7 134.1 -0.655 156.6 53.7 -0.281 111.7 54.8 0.025 81.7 66.6 0.346 152.3 71.9 
D C 311.1 273.8 154.6 1026.0 
F 1652.038659 439.708686 0.148538 
E -3.121933 87.425058 117.057244 0.250810 
W C 1041.0 118.7 1866.6 728.9 1618.3 1460.6 964.2 1250.8 526.2 840.4 236.2 1598.5 
W E -0.199 77.0 59.9 -2.731 60.7 134.0 -0.654 156.6 53.7 -0.281 111.7 54.8 0.025 81.7 66.6 0.346 152.3 71.9 
D C 275.0 275.4 119.7 1028.7 
F 1652.462196 438.391636 0.141285 
E -3.120237 87.048670 116.124914 0.235978 
W C 1041.0 118.7 1866.4 729.0 1618.4 1460.6 964.2 1250.8 526.3 840.4 236.2 1598.5 
W E -0.199 77.0 59.9 -2.731 60.6 134.0 -0.654 156.6 53.6 -0.281 111.7 54.8 0.025 81.7 66.6 0.346 152.3 71.9 
D C 236.5 272.9 87.6 1026.0 
F 1652.744259 437.509193 0.136584 
E -3.116917 86.701325 115.394136 0.224869 
W C 1041.0 118.7 1866.3 729.1 1618.5 1460.5 964.2 1250.8 526.3 840.4 236.2 1598.4 
W E -0.200 76.9 59.9 -2.732 60.5 133.9 -0.654 156.6 53.6 -0.281 111.7 54.8 0.025 81.7 66.6 0.346 152.3 71.9 
D C 238.9 274.0 90.6 1024.0 
F 1652.952920 436.843460 0.133131 
E -3.112667 86.375165 114.791978 0.216181 
W C 1041.1 118.7 1866.2 729.1 1618.5 1460.5 964.3 1250.8 526.3 840.4 236.2 1598.4 
W E -0.200 76.9 59.9 -2.732 60.5 133.9 -0.654 156.5 53.6 -0.281 111.7 54.8 0.025 81.7 66.6 0.346 152.3 71.9 
D C 240.1 275.4 90.5 1022.8 
F 1653.143068 436.372972 0.130559 
E -3.107884 86.065520 114.278641 0.209166 
W C 1041.1 118.7 1866.1 729.2 1618.6 1460.5 964.3 1250.8 526.3 840.4 236.2 1598.4 
W E -0.201 76.9 59.9 -2.732 60.4 133.8 -0.654 156.5 53.5 -0.281 111.7 54.8 0.025 81.7 66.6 0.346 152.3 71.9 
D C 239.5 274.7 90.1 1019.0 
F 1653.301729 435.962475 0.128520 
E -3.102807 85.769373 113.830394 0.203360 
W C 1041.1 118.7 1866.0 729.2 1618.6 1460.5 964.3 1250.7 526.3 840.4 236.2 1598.4 
W E -0.201 76.9 59.9 -2.733 60.4 133.8 -0.654 156.5 53.5 -0.281 111.7 54.8 0.025 81.7 66.6 0.346 152.3 71.9 
D C 238.7 273.7 90.6 1024.2 
F 1653.439236 435.622627 0.126892 
E -3.097586 85.484735 113.431930 0.198459 
W C 1041.1 118.6 1865.9 729.3 1618.7 1460.5 964.3 1250.7 526.3 840.4 236.2 1598.4 
W E -0.201 76.9 59.9 -2.733 60.3 133.7 -0.654 156.5 53.5 -0.281 111.7 54.8 0.025 81.7 66.6 0.346 152.3 71.9 
D C 238.7 273.7 90.6 1024.6 
F 1653.554678 435.335003 0.125562 
E -3.092317 85.210189 113.072910 0.194254 
W C 1041.1 118.6 1865.8 729.3 1618.7 1460.5 964.3 1250.7 526.3 840.3 236.2 1598.4 
W E -0.202 76.9 59.9 -2.734 60.3 133.7 -0.654 156.4 53.4 -0.281 111.7 54.8 0.025 81.7 66.6 0.346 152.3 71.9 
D C 239.2 274.3 90.6 1024.1 
