F 521.213203 21.213203 0.785398 
E 0.000000 0.000000 0.000000 0.000000 
W C 982.8 75.6 1848.5 695.7 1577.5 1429.6 920.3 1219.8 483.8 820.0 223.5 1586.7 
W E 0.000 100000.0 100000.0 0.000 100000.0 100000.0 0.000 100000.0 100000.0 0.000 100000.0 100000.0 0.000 100000.0 100000.0 0.000 100000.0 100000.0 
D C 364.9 -287.9 1415.4 -461.6 1742.8 248.9 1129.7 565.4 538.4 591.2 896.5 1317.5 
F 521.213203 21.213203 0.785398 
E 0.000000 0.000000 0.000000 0.000000 
W C 982.8 75.6 1848.5 695.7 1577.5 1429.6 920.3 1219.8 483.8 820.0 223.5 1586.7 
W E 0.000 100000.0 100000.0 0.000 100000.0 100000.0 0.000 100000.0 100000.0 0.000 100000.0 100000.0 0.000 100000.0 100000.0 0.000 100000.0 100000.0 
D C 366.0 -288.8 1416.7 -462.0 1741.8 248.8 1129.9 565.4 540.6 593.7 897.6 1319.0 
F 521.213203 21.213203 0.785398 
E 0.000000 0.000000 0.000000 0.000000 
W C 984.5 75.8 1851.0 697.0 1576.9 1428.8 920.7 1221.3 483.6 824.5 222.4 1592.8 
W E 0.117 600.0 365.0 -2.671 600.0 1169.2 -0.644 1382.6 600.0 -0.321 992.1 600.0 0.047 628.0 600.0 0.188 1251.5 600.0 
D C 366.2 -289.0 1418.2 -462.5 1741.8 248.8 1131.1 566.1 541.5 594.6 900.0 1322.6 
F 521.213203 21.213203 0.785398 
E 0.000000 0.000000 0.000000 0.000000 
W C 984.5 75.8 1850.7 696.8 1575.5 1426.8 920.5 1220.5 483.6 823.8 222.9 1590.0 
W E 0.117 424.3 258.6 -2.671 424.3 827.6 -0.644 977.4 424.3 -0.321 702.0 424.3 0.047 445.3 424.3 0.188 886.7 424.3 
D C 366.2 -288.9 1417.4 -462.3 1737.0 248.1 1129.5 565.3 540.5 593.6 896.8 1317.9 
F 521.213203 21.213203 0.785398 
E 0.000000 0.000000 0.000000 0.000000 
W C 984.0 75.8 1851.2 697.0 1575.6 1427.0 920.3 1219.8 483.7 821.9 223.0 1589.8 
W E 0.117 346.4 211.3 -2.671 346.4 675.9 -0.644 797.6 346.4 -0.321 573.2 346.4 0.047 363.9 346.4 0.188 724.0 346.4 
D C 365.1 -288.1 1419.4 -462.9 1739.8 248.5 1128.6 564.8 537.0 589.7 898.0 1319.6 
F 521.213203 21.213203 0.785398 
E 0.000000 0.000000 0.000000 0.000000 
W C 983.8 75.7 1850.0 696.5 1575.7 1427.1 920.3 1219.9 483.8 821.3 223.1 1589.0 
W E 0.117 300.0 183.0 -2.671 300.0 585.5 -0.644 690.6 300.0 -0.321 496.3 300.0 0.047 315.0 300.0 0.188 627.0 300.0 
D C 365.1 -288.1 1413.4 -460.9 1740.2 248.6 1129.9 565.5 538.2 591.0 896.5 1317.5 
F 521.213203 21.213203 0.785398 
E 0.000000 0.000000 0.000000 0.000000 
W C 983.6 75.7 1850.3 696.6 1575.1 1426.3 920.5 1220.5 483.8 821.5 223.2 1588.8 
W E 0.117 268.3 163.6 -2.671 268.3 523.6 -0.644 617.6 268.3 -0.321 443.9 268.3 0.047 281.7 268.3 0.188 560.8 268.3 
D C 364.7 -287.8 1418.5 -462.6 1734.9 247.8 1132.6 566.8 539.8 592.8 897.2 1318.4 
F 521.213203 21.213203 0.785398 
E 0.000000 0.000000 0.000000 0.000000 
W C 983.5 75.7 1850.3 696.6 1575.0 1426.2 920.6 1220.8 483.7 821.8 223.2 1588.7 
W E 0.117 244.9 149.4 -2.671 244.9 478.0 -0.644 563.7 244.9 -0.321 405.2 244.9 0.047 257.1 244.9 0.188 511.9 244.9 
D C 364.9 -287.9 1417.5 -462.3 1738.0 248.2 1131.9 566.5 540.7 593.8 897.5 1318.9 
F 521.213203 21.213203 0.785398 
E 0.000000 0.000000 0.000000 0.000000 
W C 983.4 75.7 1850.2 696.5 1575.1 1426.3 920.7 1221.1 483.7 821.8 223.1 1588.8 
W E 0.117 226.8 138.3 -2.671 226.8 442.6 -0.644 521.8 226.8 -0.321 375.2 226.8 0.047 238.0 226.8 0.188 473.9 226.8 
D C 365.2 -288.2 1416.6 -462.0 1739.8 248.5 1132.5 566.8 539.6 592.6 898.1 1319.8 
F 521.213203 21.213203 0.785398 
E 0.000000 0.000000 0.000000 0.000000 
W C 983.5 75.7 1849.8 697.0 1575.2 1426.4 920.6 1220.9 483.7 821.8 223.2 1588.7 
W E 0.117 212.1 129.3 -2.671 212.1 414.0 -0.644 488.0 212.1 -0.321 351.0 212.1 0.047 222.6 212.1 0.188 443.2 212.1 
D C 365.8 -288.6 1417.7 -457.6 1739.7 248.5 1129.9 565.5 539.5 592.4 897.2 1318.4 
F 521.213203 21.213203 0.785398 
E 0.000000 0.000000 0.000000 0.000000 
W C 983.3 75.7 1850.1 697.0 1575.2 1426.4 920.7 1221.2 483.7 821.8 223.1 1588.9 
W E 0.117 200.0 121.9 -2.671 200.0 390.3 -0.644 460.1 200.0 -0.321 330.9 200.0 0.047 209.9 200.0 0.188 417.9 200.0 
D C 364.1 -287.3 1419.0 -462.8 1739.0 248.4 1133.0 567.0 539.7 592.7 898.8 1320.8 
F 521.213203 21.213203 0.785398 
E 0.000000 0.000000 0.000000 0.000000 
W C 983.2 75.7 1850.0 697.0 1575.5 1426.8 920.8 1221.4 483.7 821.7 223.2 1588.8 
W E 0.117 189.7 115.7 -2.671 189.7 370.3 -0.644 436.5 189.7 -0.321 314.0 189.7 0.047 199.1 189.7 0.188 396.4 189.7 
D C 364.5 -287.7 1416.9 -462.1 1743.3 249.0 1132.5 566.8 539.1 592.1 896.9 1318.1 
F 521.213203 21.213203 0.785398 
E 0.000000 0.000000 0.000000 0.000000 
W C 983.2 75.7 1850.5 697.2 1575.6 1427.0 920.7 1221.3 483.7 821.9 223.2 1588.8 
W E 0.117 180.9 110.3 -2.671 180.9 353.0 -0.644 416.1 180.9 -0.321 299.4 180.9 0.047 189.8 180.9 0.188 378.0 180.9 
D C 365.0 -288.0 1423.0 -464.1 1741.8 248.8 1130.1 565.6 541.0 594.1 897.9 1319.5 
F 538.723265 38.726224 0.785448 
E 2.356214 0.952410 6.130726 0.076872 
W C 984.7 77.2 1851.9 698.5 1577.1 1428.5 922.2 1222.7 485.2 823.4 224.6 1590.1 
W E 0.114 173.2 105.2 -2.672 173.2 337.7 -0.643 398.1 173.2 -0.321 286.3 173.2 0.048 181.5 173.2 0.189 361.7 173.2 
D C 365.2 -288.2 1416.0 -461.8 1740.2 248.6 1131.2 566.1 539.4 592.4 896.8 1317.9 
F 570.011685 69.967324 0.784861 
E 2.356253 4.935936 12.550890 0.144388 
W C 988.2 80.8 1854.5 701.5 1579.3 1430.9 923.8 1222.3 487.8 826.0 226.8 1593.0 
W E 0.105 166.3 100.4 -2.673 166.4 324.1 -0.643 382.2 166.4 -0.319 274.7 166.4 0.047 174.0 166.4 0.191 347.6 166.4 
D C 352.2 -286.8 1402.9 -457.5 1715.5 250.4 1074.3 550.0 518.5 594.6 878.1 1325.0 
F 601.602044 101.474914 0.783745 
E 0.783687 16.718799 10.350014 0.173409 
W C 992.0 84.6 1857.5 703.9 1582.4 1432.9 926.3 1222.9 491.1 829.0 229.5 1595.9 
W E 0.089 159.9 96.1 -2.674 160.4 312.1 -0.642 368.2 160.4 -0.317 264.3 160.4 0.042 167.4 160.4 0.195 335.3 160.4 
D C 313.8 -287.5 1365.2 -463.9 1681.8 240.2 1048.8 549.2 488.9 592.9 846.9 1321.6 
F 633.421849 132.860704 0.781268 
E 0.774703 20.033325 16.044859 0.192086 
W C 996.5 89.1 1860.0 706.2 1585.5 1434.7 928.9 1222.9 494.8 831.5 229.7 1595.9 
W E 0.066 153.8 92.1 -2.676 155.0 301.4 -0.642 355.9 155.0 -0.314 255.1 155.0 0.030 161.6 154.9 0.195 335.1 160.4 
D C 279.2 -282.2 1324.1 -454.4 1640.5 244.6 1000.7 547.8 445.3 586.2 
F 633.328345 132.740103 0.781102 
E 0.774419 19.985447 15.168719 0.173159 
W C 998.7 91.7 1859.7 706.7 1587.4 1435.4 930.5 1222.1 497.3 832.9 229.7 1595.9 
W E 0.051 148.6 88.9 -2.677 150.1 292.4 -0.641 345.4 150.1 -0.312 247.3 150.1 0.024 156.6 150.0 0.195 334.9 160.4 
D C 260.9 -280.4 1277.2 -447.1 1622.9 242.0 985.4 543.3 432.6 584.3 
F 665.070913 163.930190 0.779084 
E 0.748390 22.765372 20.445352 0.194281 
W C 1001.0 94.2 1859.2 706.9 1588.7 1435.3 932.0 1221.0 499.3 833.9 229.9 1595.9 
W E 0.028 143.5 85.9 -2.679 145.6 284.0 -0.641 335.6 145.6 -0.309 239.9 145.6 0.010 152.1 145.5 0.195 334.9 160.4 
D C 216.5 -277.0 1229.1 -443.0 1564.3 248.0 933.0 544.7 379.5 588.2 
F 696.861158 195.047271 0.778312 
E -0.591862 25.828847 25.190196 0.204854 
W C 1005.2 97.4 1859.2 707.6 1590.8 1435.4 934.3 1220.3 501.7 835.6 229.9 1595.9 
W E -0.003 138.1 83.2 -2.681 141.6 276.1 -0.640 326.6 141.5 -0.307 233.1 141.6 -0.012 147.9 141.4 0.195 334.8 160.4 
D C 187.9 -278.9 1197.8 -440.1 1532.9 243.0 902.1 541.6 348.6 590.7 
F 728.600528 225.872346 0.773853 
E -0.746504 31.064027 27.397922 0.210516 
W C 1010.9 101.0 1860.0 708.4 1593.3 1435.7 936.9 1220.3 504.6 837.8 230.0 1595.9 
W E -0.041 132.4 80.7 -2.682 137.8 268.7 -0.639 318.2 137.8 -0.304 226.7 137.8 -0.041 144.1 137.5 0.195 334.8 160.4 
D C 155.6 -276.2 1169.5 -441.9 1500.5 242.6 873.3 546.4 318.8 593.1 
F 760.239609 256.492641 0.772466 
E -0.763691 36.179918 29.384637 0.214088 
W C 1018.2 104.7 1860.8 709.3 1595.9 1436.4 939.5 1220.4 507.6 840.2 229.9 1595.9 
W E -0.085 126.4 78.5 -2.684 134.4 261.8 -0.639 310.3 134.4 -0.301 220.7 134.4 -0.074 140.6 133.9 0.195 334.8 160.4 
D C 124.8 -274.1 1131.1 -439.3 1466.0 246.2 832.9 546.4 280.4 594.1 
F 760.021534 256.093167 0.771044 
E -0.759617 35.029200 29.241205 0.191538 
W C 1021.8 106.8 1861.1 709.6 1597.3 1436.3 941.1 1220.2 509.3 841.8 229.9 1595.9 
W E -0.120 122.0 76.6 -2.686 131.2 255.7 -0.638 303.4 131.2 -0.299 215.4 131.3 -0.094 137.6 130.6 0.195 334.8 160.4 
D C 113.1 -277.2 1117.5 -438.0 1443.4 251.6 818.1 551.1 264.3 597.6 
F 791.931745 287.004618 0.768490 
E -0.772106 39.855482 31.101927 0.207297 
W C 1025.2 108.4 1861.0 710.0 1598.5 1436.1 942.6 1219.8 510.4 843.2 229.9 1595.9 
W E -0.161 117.2 74.9 -2.688 128.3 249.9 -0.637 296.8 128.3 -0.297 210.3 128.3 -0.116 134.8 127.4 0.195 334.8 160.4 
D C 67.3 -274.8 1066.3 -436.9 1395.6 247.7 770.4 547.0 214.8 601.8 
F 823.352318 318.679937 0.777726 
E -2.357598 32.915138 44.866815 0.219145 
W C 1025.4 108.6 1860.4 711.9 1598.7 1437.4 943.5 1219.7 511.6 844.7 229.9 1595.9 
W E -0.165 117.1 74.7 -2.689 125.6 244.6 -0.637 290.7 125.5 -0.295 205.7 125.6 -0.134 132.3 124.4 0.195 334.8 160.4 
D C 1026.6 -435.5 1364.7 246.5 735.6 539.4 184.2 595.6 
F 823.484123 318.698971 0.777089 
E -2.361713 32.819572 43.996684 0.199248 
W C 1025.4 108.6 1859.4 711.9 1598.6 1436.9 943.5 1218.7 511.4 844.9 229.9 1595.9 
W E -0.167 117.0 74.5 -2.691 123.0 239.8 -0.636 285.2 123.0 -0.293 201.5 123.0 -0.143 130.1 121.6 0.195 334.8 160.4 
D C 997.1 -433.8 1324.9 251.9 698.2 545.7 146.0 600.5 
F 855.172344 350.400808 0.778639 
E -2.374211 34.519051 48.202393 0.208728 
W C 1025.6 108.7 1858.3 712.8 1598.0 1437.3 943.3 1218.3 511.1 845.4 232.9 1597.2 
W E -0.169 117.0 74.3 -2.693 120.6 234.4 -0.636 279.1 120.6 -0.292 196.9 120.7 -0.169 127.8 118.9 0.210 319.8 155.2 
D C 958.2 -434.5 1292.7 249.9 666.4 544.3 474.7 1317.1 112.0 603.8 
F 886.447232 381.578941 0.777398 
E -2.382034 35.975001 52.340522 0.210028 
W C 1032.0 109.6 1857.0 714.4 1597.7 1437.8 943.5 1218.1 511.3 846.5 235.9 1598.7 
W E -0.220 109.5 73.2 -2.694 118.4 229.3 -0.635 273.2 118.3 -0.291 192.4 118.4 -0.190 125.6 116.3 0.224 307.6 150.6 
D C -47.4 -285.1 925.1 -422.9 1257.2 251.0 631.5 545.5 438.5 1317.1 81.6 604.0 
F 917.480881 412.793875 0.775517 
E -2.387802 37.373001 56.471895 0.211386 
W C 1037.9 110.1 1856.1 716.4 1597.3 1438.7 943.7 1218.4 511.4 848.0 238.9 1600.4 
W E -0.266 103.8 72.4 -2.696 116.3 224.3 -0.635 267.6 116.2 -0.291 188.1 116.3 -0.204 123.7 113.7 0.237 297.1 146.4 
D C -78.6 -288.4 896.0 -426.3 1220.4 251.5 601.9 546.3 407.1 1316.5 48.0 606.7 
F 948.845934 444.544968 0.782869 
E -2.392162 38.806357 60.692612 0.215072 
W C 1038.0 110.1 1855.5 718.2 1596.8 1439.5 944.2 1218.3 511.5 849.0 240.6 1601.5 
W E -0.269 103.6 72.3 -2.697 114.3 219.7 -0.635 262.4 114.2 -0.291 184.1 114.3 -0.211 122.1 111.3 0.249 287.9 142.7 
D C 848.2 -429.4 1172.2 252.8 550.1 540.9 358.9 1316.4 -4.2 609.6 
F 979.695575 476.296598 0.788977 
E -2.395540 40.166879 64.902000 0.217052 
W C 1038.0 110.0 1855.3 721.1 1596.3 1441.2 945.0 1218.9 512.1 850.7 241.9 1603.1 
W E -0.271 103.6 72.2 -2.699 112.5 215.2 -0.634 257.3 112.4 -0.292 180.3 112.4 -0.212 120.5 109.0 0.260 279.8 139.2 
D C 833.9 -428.6 1149.7 255.4 535.0 545.7 342.8 1320.9 -21.1 610.9 
F 979.618799 476.190996 0.789701 
E -2.397345 40.001516 63.947754 0.194049 
W C 1038.0 110.0 1854.9 722.2 1595.8 1441.5 945.4 1218.7 512.0 851.5 242.9 1604.1 
W E -0.272 103.5 72.2 -2.700 110.7 211.3 -0.634 252.8 110.6 -0.293 176.9 110.7 -0.211 119.1 106.9 0.269 272.7 136.1 
D C 801.3 -430.7 1119.8 252.3 506.2 542.3 317.0 1321.4 -51.5 614.4 
F 1011.377537 507.834659 0.789772 
E -2.399218 41.315950 68.065323 0.208633 
W C 1037.9 109.9 1854.0 723.1 1595.6 1441.6 945.7 1218.4 512.0 852.1 243.7 1605.1 
W E -0.272 103.5 72.1 -2.701 109.1 207.5 -0.633 248.4 108.9 -0.295 173.7 109.0 -0.206 117.9 105.0 0.278 266.2 133.2 
D C 743.2 -420.3 1069.2 254.8 450.7 543.2 262.7 1326.0 -104.8 612.2 
F 1042.470125 539.592836 0.792355 
E -2.400819 42.566618 72.259273 0.215328 
W C 1037.8 109.9 1853.3 725.4 1595.3 1442.6 946.6 1218.6 512.1 853.1 245.1 1606.1 
W E -0.273 103.5 72.1 -2.701 107.5 203.8 -0.633 244.2 107.4 -0.298 170.6 107.3 -0.199 116.7 103.1 0.287 260.2 130.6 
D C 724.6 -421.6 1054.6 251.3 437.8 541.0 248.2 1316.0 -122.5 613.4 
F 1073.756477 571.418344 0.795054 
E -2.401691 43.767211 76.510194 0.218593 
W C 1037.7 109.8 1852.8 727.4 1595.1 1443.5 947.5 1218.8 512.3 854.2 246.0 1607.0 
W E -0.273 103.5 72.1 -2.702 106.0 200.3 -0.633 240.1 105.8 -0.301 167.7 105.7 -0.190 115.6 101.4 0.295 254.7 128.2 
D C 681.4 -422.0 1006.0 252.8 390.4 541.0 199.3 1322.5 -167.7 618.9 
F 1073.910965 571.076023 0.793755 
E -2.402186 43.574291 75.733952 0.195966 
W C 1037.6 109.7 1852.1 728.6 1594.9 1443.8 947.9 1218.7 512.2 854.9 247.1 1607.7 
W E -0.273 103.5 72.0 -2.702 104.6 197.2 -0.633 236.4 104.4 -0.304 165.1 104.2 -0.182 114.5 99.8 0.302 249.8 126.0 
D C 664.2 -417.0 990.9 255.5 375.1 544.0 182.3 1319.4 -184.1 619.0 
F 1105.318975 602.502640 0.791714 
E -2.401863 44.758507 79.964306 0.214429 
W C 1037.6 109.7 1851.7 730.1 1594.7 1444.4 948.6 1218.9 512.2 855.0 248.1 1608.7 
W E -0.273 103.5 72.0 -2.703 103.2 194.2 -0.633 233.0 103.1 -0.308 162.8 102.8 -0.188 114.5 99.7 0.308 245.4 123.9 
D C 632.6 -416.4 954.7 261.8 340.5 546.0 145.9 1324.3 
F 1136.576450 634.055724 0.793695 
E -2.400985 45.902030 84.324403 0.223791 
W C 1037.4 109.6 1851.3 732.1 1594.6 1445.3 949.8 1219.3 512.3 854.9 249.2 1609.7 
W E -0.274 103.5 72.0 -2.702 101.9 191.4 -0.633 229.7 101.8 -0.312 160.6 101.3 -0.191 114.4 99.6 0.314 241.3 122.0 
D C 600.0 -416.4 924.3 259.6 313.0 545.7 117.1 1324.1 
F 1167.704974 665.470703 0.793124 
E -2.399936 46.993342 88.748408 0.228373 
W C 1037.3 109.5 1851.0 734.3 1594.7 1446.4 951.3 1220.1 512.3 854.8 250.0 1610.9 
W E -0.274 103.5 72.0 -2.702 100.7 188.7 -0.633 226.4 100.5 -0.317 158.6 99.9 -0.193 114.4 99.6 0.320 237.4 120.3 
D C 565.1 -415.8 892.5 259.6 281.0 546.6 85.1 1335.0 
F 1199.209857 696.761907 0.791681 
E -2.398730 48.043093 93.221728 0.230854 
W C 1037.2 109.5 1850.7 736.5 1594.7 1447.4 952.6 1220.8 512.3 854.8 250.9 1612.0 
W E -0.274 103.5 72.0 -2.701 99.5 186.1 -0.633 223.3 99.4 -0.321 156.7 98.5 -0.194 114.4 99.5 0.325 233.8 118.7 
D C 518.1 -408.9 845.8 268.6 232.5 552.9 27.6 1332.7 
F 1199.159428 696.304633 0.791049 
E -2.398851 47.825323 92.490083 0.208265 
W C 1037.1 109.4 1850.4 737.8 1594.6 1448.0 953.4 1221.2 512.4 854.8 251.7 1612.9 
W E -0.274 103.5 72.0 -2.700 98.4 183.9 -0.633 220.6 98.2 -0.326 155.0 97.2 -0.195 114.3 99.5 0.330 230.6 117.2 
D C 506.2 -414.8 830.8 263.9 219.6 550.2 23.5 1330.5 
F 1230.386924 727.434049 0.790696 
E -2.397963 48.831498 96.857536 0.221787 
W C 1037.0 109.3 1850.3 739.6 1594.7 1448.7 954.6 1221.8 512.4 854.8 252.2 1613.8 
W E -0.274 103.5 72.0 -2.698 97.3 181.7 -0.634 217.9 97.2 -0.330 153.5 95.9 -0.196 114.3 99.5 0.334 227.5 115.9 
D C 477.6 -411.3 797.6 264.2 186.2 548.0 -17.4 1336.7 
F 1261.393806 758.666831 0.794276 
E -2.396922 49.797285 101.319616 0.228629 
W C 1036.8 109.3 1850.3 741.9 1594.9 1449.7 955.9 1222.8 512.4 854.7 253.0 1614.9 
W E -0.274 103.5 71.9 -2.696 96.2 179.6 -0.634 215.2 96.1 -0.334 152.1 94.6 -0.197 114.3 99.5 0.339 224.7 114.6 
D C 442.9 -413.4 768.5 265.0 157.6 551.3 -42.1 1337.7 
F 1292.301970 789.664784 0.793751 
E -2.395793 50.712748 105.825612 0.232045 
W C 1036.7 109.2 1850.5 744.5 1595.2 1450.6 957.5 1223.9 512.4 854.6 253.6 1615.9 
W E -0.274 103.5 71.9 -2.694 95.1 177.7 -0.635 212.7 95.1 -0.338 150.9 93.3 -0.197 114.3 99.5 0.342 222.0 113.4 
D C 412.3 -411.7 732.1 265.1 123.6 552.2 -83.4 1341.0 
F 1292.087570 788.888358 0.793504 
E -2.395718 50.448123 105.148165 0.209938 
W C 1036.5 109.1 1850.6 746.1 1595.3 1451.3 958.5 1224.7 512.5 854.6 254.1 1616.7 
W E -0.274 103.5 71.9 -2.692 94.1 176.0 -0.635 210.5 94.2 -0.341 149.8 92.1 -0.198 114.2 99.5 0.346 219.5 112.3 
D C 396.0 -412.7 718.6 267.7 109.5 552.9 -99.9 1340.5 
F 1323.406786 820.010024 0.794048 
E -2.394689 51.347070 109.601284 0.223867 
W C 1036.4 109.0 1850.9 747.4 1595.4 1451.9 959.4 1225.5 512.5 854.5 254.3 1617.4 
W E -0.274 103.5 71.9 -2.690 93.1 174.4 -0.636 208.3 93.3 -0.343 148.7 90.9 -0.199 114.2 99.5 0.349 217.2 111.3 
D C 351.1 -414.0 669.9 270.9 62.8 555.0 -150.2 1344.9 
F 1354.498786 850.917387 0.792526 
E -2.393692 52.196661 114.136220 0.230835 
W C 1036.3 108.9 1851.4 749.2 1595.7 1452.6 960.5 1226.5 512.5 854.5 254.4 1618.3 
W E -0.274 103.5 71.9 -2.687 92.1 172.9 -0.637 206.2 92.4 -0.346 147.8 89.7 -0.199 114.2 99.5 0.352 215.0 110.3 
D C 320.9 -415.8 639.9 270.2 31.9 553.6 -180.6 1353.2 
F 1385.374153 881.763692 0.793922 
E -2.392679 53.006660 118.744707 0.234613 
W C 1036.1 108.9 1852.2 751.5 1596.1 1453.5 961.6 1227.7 512.5 854.4 255.0 1619.1 
W E -0.275 103.5 71.9 -2.684 91.0 171.5 -0.638 204.2 91.5 -0.347 147.0 88.6 -0.200 114.2 99.5 0.355 212.9 109.5 
D C 291.5 -415.9 612.0 274.1 1.3 557.3 -209.2 1346.5 
F 1416.493171 912.501526 0.792588 
E -2.390856 53.804391 123.683929 0.244628 
W C 1036.0 108.8 1853.4 753.8 1597.0 1454.3 962.7 1229.4 512.4 854.3 255.2 1619.1 
W E -0.275 103.5 71.9 -2.681 90.0 170.5 -0.639 202.5 90.6 -0.347 146.3 87.6 -0.200 114.2 99.5 0.354 212.6 109.5 
D C 259.1 -419.8 579.9 274.8 -29.7 560.6 
F 1416.599278 911.727296 0.790040 
E -2.390407 53.474191 123.094094 0.225117 
W C 1035.9 108.8 1853.7 754.1 1596.9 1454.8 963.0 1230.0 512.4 854.3 255.6 1619.2 
W E -0.275 103.5 71.9 -2.680 89.0 169.5 -0.640 201.1 89.8 -0.347 145.6 86.6 -0.201 114.2 99.5 0.354 212.3 109.4 
D C 214.4 -418.7 534.3 275.6 -76.7 561.9 
F 1447.777281 942.288764 0.789423 
E -2.389007 54.243895 127.981719 0.240572 
W C 1035.8 108.7 1854.7 755.4 1597.5 1455.5 963.5 1231.2 512.4 854.2 255.8 1619.2 
W E -0.275 103.4 71.9 -2.678 88.0 168.7 -0.641 199.8 89.1 -0.347 145.0 85.8 -0.201 114.2 99.5 0.354 212.2 109.4 
D C 201.0 -417.5 520.5 278.7 -95.3 567.1 
F 1479.100029 972.722660 0.784784 
E -2.387868 54.968398 133.008773 0.249575 
W C 1035.7 108.7 1855.7 756.5 1598.0 1456.1 963.8 1232.3 512.3 854.1 256.0 1619.2 
W E -0.275 103.4 71.9 -2.676 87.0 168.0 -0.642 198.5 88.3 -0.346 144.5 85.0 -0.201 114.1 99.5 0.354 212.0 109.4 
D C 156.5 -420.1 471.2 282.9 -139.0 568.0 
F 1509.810751 1002.656811 0.784907 
E -2.387083 55.649711 138.146406 0.255162 
W C 1035.5 108.6 1857.7 758.3 1599.0 1456.7 964.1 1233.9 512.2 854.0 255.9 1619.1 
W E -0.275 103.4 71.9 -2.675 85.9 167.3 -0.644 197.4 87.5 -0.345 143.9 84.2 -0.202 114.1 99.4 0.354 211.9 109.4 
D C 142.9 -418.5 452.7 285.2 -155.2 572.6 
F 1509.901813 1001.586963 0.778977 
E -2.386744 55.364306 137.598253 0.239722 
W C 1035.5 108.6 1858.4 759.0 1599.6 1457.3 964.1 1234.0 512.1 853.9 255.9 1619.1 
W E -0.275 103.4 71.9 -2.675 85.0 166.8 -0.644 196.6 86.8 -0.346 143.8 84.1 -0.202 114.1 99.4 0.354 211.8 109.4 
D C 110.2 -416.7 423.6 285.4 
F 1541.946479 1032.026430 0.770908 
E -2.385791 56.149322 142.919602 0.258077 
W C 1035.4 108.6 1859.1 759.4 1600.2 1457.8 964.0 1234.0 512.0 853.9 255.7 1619.0 
W E -0.275 103.4 71.9 -2.675 84.1 166.3 -0.645 196.0 86.1 -0.347 143.8 84.0 -0.202 114.1 99.4 0.354 211.7 109.4 
D C 66.5 -419.3 375.4 287.9 
F 1573.571133 1062.015777 0.765932 
E -2.385300 56.883120 148.434157 0.270084 
W C 1035.4 108.6 1860.7 760.4 1601.6 1458.6 963.5 1233.9 511.8 853.7 255.2 1618.8 
W E -0.275 103.4 71.9 -2.675 83.2 165.9 -0.645 195.4 85.3 -0.348 143.7 83.9 -0.203 114.1 99.4 0.354 211.7 109.4 
D C 49.9 -423.1 356.3 291.0 
F 1605.240560 1091.969138 0.759130 
E -2.385537 57.560342 154.122997 0.278355 
W C 1035.3 108.6 1862.1 761.2 1602.9 1459.5 963.0 1233.8 511.6 853.6 254.7 1618.6 
W E -0.275 103.4 71.9 -2.676 82.3 165.5 -0.646 194.9 84.6 -0.349 143.7 83.9 -0.203 114.1 99.4 0.354 211.6 109.4 
D C 4.2 -422.5 309.2 293.0 
F 1604.882917 1091.308905 0.756188 
E -2.386328 57.213804 153.464327 0.260190 
W C 1035.3 108.6 1862.9 761.5 1603.5 1460.2 962.7 1233.7 511.5 853.6 254.4 1618.5 
W E -0.275 103.4 71.9 -2.677 81.5 165.2 -0.646 194.5 83.9 -0.349 143.6 83.8 -0.203 114.1 99.4 0.354 211.5 109.4 
D C -11.4 -425.9 290.8 293.1 
F 1636.667550 1121.325537 0.755019 
E -2.386946 57.883858 159.235782 0.274537 
W C 1035.2 108.6 1864.1 761.9 1604.5 1461.2 962.2 1233.5 511.4 853.5 254.0 1618.3 
W E -0.275 103.4 71.9 -2.678 80.8 164.9 -0.646 194.2 83.2 -0.350 143.5 83.8 -0.204 114.1 99.4 0.354 211.5 109.4 
D C -39.0 -426.5 257.8 295.7 
F 1668.615006 1151.299774 0.750560 
E -2.388141 58.485189 165.245437 0.284733 
W C 1035.2 108.6 1865.2 762.1 1605.2 1462.2 961.8 1233.4 511.3 853.4 253.6 1618.2 
W E -0.275 103.4 71.9 -2.680 80.1 164.6 -0.646 193.9 82.4 -0.350 143.5 83.7 -0.204 114.1 99.4 0.354 211.4 109.4 
D C -86.6 -430.1 204.9 297.1 
F 1699.039972 1181.493113 0.764670 
E -2.389445 59.030896 171.516360 0.293193 
W C 1035.1 108.6 1867.1 762.5 1606.5 1464.3 961.1 1233.1 511.0 853.3 252.9 1617.9 
W E -0.275 103.4 71.9 -2.682 79.5 164.3 -0.645 193.6 81.5 -0.351 143.4 83.7 -0.204 114.1 99.4 0.354 211.4 109.4 
D C -102.3 -432.3 187.1 295.9 
F 1727.855926 1212.892190 0.839186 
E -2.388759 59.825484 177.982068 0.307887 
W C 1035.1 108.6 1869.3 762.4 1607.0 1465.7 960.4 1233.0 510.8 853.2 252.1 1617.6 
W E -0.275 103.4 71.9 -2.684 79.0 164.1 -0.644 193.4 80.6 -0.352 143.4 83.7 -0.204 114.1 99.4 0.354 211.3 109.4 
D C -146.8 -436.5 137.0 299.6 
F 1727.950475 1211.069126 0.825550 
E -2.389551 59.349326 177.246334 0.288432 
W C 1035.0 108.6 1870.8 762.4 1607.3 1466.8 959.9 1232.9 510.6 853.1 251.6 1617.4 
W E -0.275 103.4 71.9 -2.685 78.6 163.8 -0.643 193.2 79.8 -0.352 143.4 83.6 -0.205 114.1 99.4 0.354 211.3 109.4 
D C -165.7 -434.5 126.2 295.0 
F 1754.200183 1247.215944 0.924224 
E -2.387377 60.322564 184.256229 0.319065 
W C 1035.0 108.6 1870.8 762.1 1607.5 1467.9 959.9 1232.8 510.6 853.1 251.7 1617.4 
W E -0.275 103.4 71.9 -2.685 78.5 163.8 -0.641 193.1 78.9 -0.352 143.4 83.6 -0.205 114.1 99.4 0.354 211.3 109.4 
D C 111.4 279.3 
F 1777.194570 1285.199741 1.024488 
E -2.382451 61.045737 189.822331 0.321816 
W C 1035.0 108.6 1870.9 761.5 1608.3 1468.7 960.2 1232.7 510.7 853.1 250.4 1617.2 
W E -0.275 103.4 71.9 -2.683 78.3 163.6 -0.643 192.2 77.3 -0.353 143.3 83.6 -0.205 114.1 99.4 0.356 208.6 109.0 
D C 87.3 262.1 -513.4 1503.6 
F 1796.732806 1323.945894 1.119154 
E -2.373253 61.524867 195.334019 0.326084 
W C 1034.9 108.5 1870.6 760.5 1609.5 1470.6 960.4 1232.7 510.8 853.0 249.5 1616.4 
W E -0.275 103.4 71.9 -2.681 78.1 163.3 -0.644 191.5 75.5 -0.353 143.2 83.6 -0.205 114.1 99.4 0.359 206.3 108.6 
D C 78.5 256.7 -485.0 1510.9 
F 1812.689306 1364.001340 1.213469 
E -2.360066 61.885109 200.695505 0.331492 
W C 1034.9 108.5 1870.4 759.4 1610.7 1472.6 960.7 1232.6 510.8 853.0 248.6 1615.6 
W E -0.275 103.4 71.9 -2.679 77.9 163.1 -0.643 190.8 73.6 -0.354 143.2 83.6 -0.205 114.1 99.4 0.362 204.5 108.3 
D C 53.9 237.6 -385.1 1552.8 
F 1813.464435 1362.827111 1.212066 
E -2.360807 61.551200 198.971176 0.307897 
W C 1034.8 108.5 1870.3 758.8 1611.5 1473.4 960.8 1232.6 510.9 853.0 247.8 1615.1 
W E -0.275 103.4 71.9 -2.678 77.7 162.9 -0.643 190.3 72.1 -0.354 143.1 83.6 -0.205 114.1 99.4 0.364 202.8 108.0 
D C 44.0 233.1 -357.2 1562.8 
F 1825.623234 1404.163433 1.306630 
E -0.774244 204.051414 61.931988 0.322786 
W C 1034.8 108.4 1870.1 758.0 1612.3 1474.8 961.1 1232.5 510.9 853.0 247.1 1614.6 
W E -0.275 103.4 71.9 -2.676 77.5 162.8 -0.642 189.8 70.6 -0.354 143.1 83.5 -0.205 114.0 99.4 0.367 201.4 107.8 
D C 28.3 225.5 -276.6 1587.1 
F 1832.564329 1447.667060 1.410062 
E -0.752732 210.693066 62.566533 0.358448 
W C 1034.8 108.4 1869.9 757.3 1612.3 1476.5 961.2 1232.5 511.0 853.0 247.4 1614.6 
W E -0.275 103.4 71.9 -2.675 77.4 162.7 -0.639 189.6 69.8 -0.354 143.0 83.5 -0.206 114.0 99.4 0.367 201.3 107.8 
D C 12.0 220.5 
F 1834.971017 1490.328300 1.514402 
E -0.726073 217.423893 63.674063 0.389329 
W C 1034.7 108.4 1869.8 756.5 1612.2 1478.1 961.5 1232.4 511.0 853.0 248.0 1614.7 
W E -0.275 103.4 71.9 -2.674 77.3 162.6 -0.637 189.4 69.1 -0.354 143.0 83.5 -0.206 114.0 99.4 0.367 201.2 107.8 
D C -3.5 218.5 
F 1833.051568 1534.157699 1.611430 
E -0.693162 224.491413 65.664980 0.417942 
W C 1034.7 108.3 1869.7 756.1 1612.0 1479.1 961.6 1232.4 511.1 853.0 248.4 1614.9 
W E -0.275 103.4 71.9 -2.674 77.3 162.5 -0.635 189.2 68.7 -0.354 143.0 83.5 -0.206 114.0 99.4 0.367 201.1 107.8 
D C -31.5 220.8 
F 1833.051568 1534.157699 1.611430 
E -0.693162 224.491413 65.664980 0.417942 
W C 1034.7 108.3 1869.7 756.1 1612.0 1479.1 961.6 1232.4 511.1 853.0 248.4 1614.9 
W E -0.275 103.4 71.9 -2.674 77.3 162.5 -0.635 189.2 68.7 -0.354 143.0 83.5 -0.206 114.0 99.4 0.367 201.1 107.8 
D C 
F 1831.083280 1575.598693 1.746500 
E -0.665352 227.821022 68.503190 0.411601 
W C 1034.7 108.3 1869.3 755.4 1613.3 1480.1 961.8 1232.4 511.1 853.0 247.6 1613.8 
W E -0.275 103.4 71.9 -2.673 77.2 162.4 -0.636 188.9 68.1 -0.355 143.0 83.5 -0.206 114.0 99.4 0.370 199.9 107.6 
D C 122.1 1605.2 
F 1824.406342 1614.819403 1.885426 
E -0.638009 230.436614 71.657631 0.409387 
W C 1034.7 108.3 1869.0 754.8 1614.4 1481.2 961.8 1232.4 511.1 853.0 247.1 1612.8 
W E -0.275 103.4 71.9 -2.672 77.1 162.3 -0.637 188.6 67.8 -0.355 143.0 83.5 -0.206 114.0 99.4 0.372 198.9 107.5 
D C 253.5 1583.1 
F 1796.442786 1651.563634 2.116204 
E -0.609808 233.209361 74.913589 0.408717 
W C 1034.6 108.2 1869.8 753.7 1616.6 1479.4 963.0 1232.4 508.4 854.1 247.7 1611.9 
W E -0.275 103.4 71.9 -2.672 77.1 162.3 -0.639 188.3 67.5 -0.356 142.9 83.5 -0.225 113.5 98.9 0.370 198.5 107.4 
D C 310.7 1567.9 
F 1805.730157 1652.137149 2.058866 
E -0.623267 229.891741 72.501593 0.345079 
W C 1034.6 108.2 1869.5 753.9 1616.2 1480.7 964.1 1231.3 508.2 854.6 247.3 1611.2 
W E -0.275 103.4 71.9 -2.671 77.0 162.1 -0.640 187.8 67.1 -0.356 142.5 83.0 -0.224 113.4 98.9 0.372 197.3 107.2 
D C 493.5 1497.5 -73.5 911.2 
F 1789.560619 1686.121411 2.147176 
E -0.601934 230.427001 73.952768 0.335408 
W C 1034.6 108.2 1869.3 754.0 1615.8 1481.7 965.4 1230.6 508.1 855.1 246.7 1610.4 
W E -0.275 103.4 71.9 -2.671 77.0 162.0 -0.641 187.5 66.9 -0.356 142.1 82.7 -0.224 113.4 98.8 0.373 196.3 107.0 
D C 546.3 1473.2 -45.1 905.1 
F 1767.868103 1719.531036 2.242286 
E -0.584867 229.801004 74.499099 0.312349 
W C 1034.6 108.2 1869.0 754.3 1614.9 1482.5 965.8 1230.9 508.9 854.5 246.1 1610.3 
W E -0.275 103.4 71.9 -2.670 76.9 161.9 -0.644 186.9 66.5 -0.357 141.7 82.3 -0.242 112.9 98.3 0.372 194.9 106.7 
D C 718.3 1366.3 51.8 899.4 -70.7 1510.6 
F 1740.618574 1748.950487 2.354371 
E -0.562710 230.057641 75.874153 0.316927 
W C 1034.6 108.2 1869.0 754.4 1614.6 1482.6 966.7 1230.9 508.8 854.9 245.4 1609.4 
W E -0.275 103.4 71.8 -2.669 76.9 161.8 -0.645 186.7 66.4 -0.358 141.4 81.9 -0.242 112.9 98.3 0.372 194.0 106.5 
D C 821.0 1281.3 108.2 882.4 
F 1741.173547 1749.655774 2.343550 
E -0.568573 228.634496 74.446262 0.287672 
W C 1034.6 108.2 1869.1 754.4 1614.3 1482.6 967.4 1231.2 508.8 855.0 245.1 1608.8 
W E -0.275 103.4 71.8 -2.669 76.9 161.7 -0.646 186.4 66.2 -0.359 141.1 81.6 -0.241 112.9 98.3 0.373 193.2 106.3 
D C 865.4 1230.7 138.0 879.0 
F 1707.613476 1774.368125 2.481332 
E -0.545837 228.744044 75.669182 0.304285 
W C 1034.6 108.2 1869.1 754.5 1613.9 1482.5 968.0 1231.5 508.7 855.0 244.8 1608.2 
W E -0.275 103.4 71.8 -2.668 76.8 161.7 -0.647 186.2 66.1 -0.360 140.8 81.3 -0.241 112.9 98.3 0.373 192.4 106.1 
D C 990.5 1087.7 221.3 842.1 
F 1674.146106 1795.614037 2.590318 
E -0.523290 228.275976 77.000269 0.309480 
W C 1034.6 108.2 1869.1 754.4 1613.8 1482.4 968.6 1231.9 508.7 855.1 244.1 1607.3 
W E -0.275 103.4 71.8 -2.668 76.8 161.6 -0.648 186.0 66.0 -0.361 140.5 81.0 -0.242 112.9 98.3 0.374 191.7 106.0 
D C 1034.3 1035.8 249.3 824.2 
F 1636.067776 1812.874815 2.722905 
E -0.499738 227.426071 78.573629 0.317263 
W C 1034.6 108.2 1869.1 754.4 1613.6 1482.3 969.1 1232.4 508.6 855.2 243.8 1606.6 
W E -0.275 103.4 71.8 -2.668 76.8 161.6 -0.649 185.9 65.9 -0.361 140.3 80.7 -0.242 112.9 98.3 0.374 191.0 105.8 
D C 1117.9 868.2 321.9 778.7 
F 1597.813937 1825.791440 2.840265 
E -0.477152 226.044631 80.133344 0.318362 
W C 1034.6 108.2 1869.1 754.3 1613.6 1482.1 969.6 1232.9 508.6 855.2 243.2 1605.8 
W E -0.275 103.4 71.8 -2.667 76.8 161.6 -0.650 185.7 65.8 -0.361 140.1 80.4 -0.242 112.9 98.3 0.374 190.3 105.6 
D C 1169.4 756.9 368.4 738.9 
F 1597.755459 1826.427224 2.832502 
E -0.481217 225.144899 78.449304 0.287747 
W C 1034.6 108.2 1869.2 754.2 1613.5 1482.0 970.0 1233.5 508.6 855.2 242.9 1605.2 
W E -0.275 103.4 71.8 -2.667 76.7 161.5 -0.650 185.6 65.7 -0.362 139.8 80.1 -0.242 112.9 98.3 0.374 189.7 105.4 
D C 1186.4 692.7 388.9 718.3 
F 1555.980518 1832.141721 2.975019 
E -0.458730 223.483982 79.821658 0.302969 
W C 1034.6 108.2 1869.2 754.2 1613.2 1481.8 970.5 1234.0 508.6 855.2 242.7 1604.6 
W E -0.275 103.4 71.8 -2.667 76.7 161.5 -0.651 185.5 65.6 -0.362 139.6 79.8 -0.242 112.9 98.3 0.374 189.1 105.2 
D C 1228.1 496.6 441.6 640.4 
F 1515.674801 1834.711909 3.096784 
E -0.437189 221.247700 81.278497 0.311366 
W C 1034.6 108.2 1869.2 754.1 1613.3 1481.6 970.9 1234.7 508.6 855.2 242.1 1603.7 
W E -0.275 103.4 71.8 -2.666 76.7 161.5 -0.651 185.4 65.6 -0.362 139.4 79.5 -0.242 112.9 98.2 0.374 188.6 105.0 
D C 1241.8 441.1 458.4 619.1 
F 1474.729393 1831.300573 -3.058454 
E -0.416965 218.594535 82.703056 0.314031 
W C 1034.6 108.2 1869.2 754.0 1613.3 1481.4 971.2 1235.3 508.6 855.2 241.7 1603.0 
W E -0.275 103.4 71.8 -2.666 76.7 161.4 -0.652 185.2 65.5 -0.362 139.2 79.2 -0.242 112.9 98.2 0.375 188.1 104.8 
D C 1244.9 232.8 503.6 533.0 
F 1472.973749 1829.755183 -3.049110 
E -0.419492 217.896811 81.068920 0.284126 
W C 1034.6 108.2 1869.2 754.0 1613.1 1481.2 971.5 1235.9 508.5 855.1 241.8 1602.4 
W E -0.275 103.4 71.8 -2.666 76.7 161.4 -0.652 185.2 65.4 -0.361 139.0 78.9 -0.242 112.9 98.2 0.375 187.6 104.6 
D C 1219.6 102.2 521.9 470.9 
F 1428.708023 1820.396131 -3.002050 
E -0.396750 214.693538 81.557730 0.274743 
W C 1034.6 108.9 1869.3 753.2 1613.7 1480.3 972.0 1236.2 508.6 855.1 241.8 1601.5 
W E -0.274 103.2 71.6 -2.665 76.6 161.3 -0.652 184.9 65.3 -0.359 138.6 78.6 -0.242 112.9 98.2 0.375 187.1 104.3 
D C 1209.0 41.7 528.2 442.3 598.4 1583.6 
F 1384.760588 1808.256287 -2.965633 
E -0.374063 211.260709 82.822412 0.270741 
W C 1034.9 108.8 1868.6 753.5 1614.0 1480.1 972.2 1236.7 508.6 855.1 242.0 1601.0 
W E -0.274 103.2 71.6 -2.667 76.5 160.9 -0.652 184.8 65.2 -0.359 138.3 78.3 -0.243 112.9 98.2 0.376 186.6 104.0 
D C 1155.2 -77.2 513.9 389.1 -227.3 1102.7 
F 1342.580821 1794.609996 -2.933805 
E -0.351318 207.818826 84.085965 0.268336 
W C 1035.1 108.7 1867.9 753.6 1614.7 1479.9 972.2 1237.2 508.7 855.1 242.1 1600.4 
W E -0.274 103.2 71.6 -2.668 76.3 160.5 -0.653 184.7 65.2 -0.358 138.0 78.0 -0.243 112.9 98.2 0.376 186.1 103.8 
D C 1138.0 -104.2 504.8 377.4 -217.7 1107.8 
F 1301.067251 1779.670233 -2.900868 
E -0.328748 204.387594 85.291029 0.266376 
W C 1035.2 108.7 1867.6 753.6 1615.3 1479.6 972.0 1237.8 508.7 855.2 242.3 1600.0 
W E -0.274 103.2 71.6 -2.669 76.2 160.1 -0.653 184.5 65.1 -0.357 137.7 77.7 -0.243 112.9 98.2 0.377 185.6 103.5 
D C 1079.7 -145.8 471.7 359.5 -234.2 1119.0 
F 1301.695800 1776.326166 -2.884175 
E -0.329274 203.459388 83.799804 0.243692 
W C 1035.2 108.6 1867.4 753.7 1615.6 1479.4 972.0 1238.3 508.7 855.1 242.5 1599.6 
W E -0.274 103.2 71.6 -2.671 76.1 159.8 -0.653 184.4 65.1 -0.355 137.4 77.5 -0.243 112.9 98.2 0.378 185.2 103.3 
D C 1061.5 -150.0 458.2 358.1 -251.2 1114.9 
F 1258.878629 1761.998753 -2.868228 
E -0.306293 199.952735 84.945845 0.254037 
W C 1035.3 108.6 1867.4 753.7 1615.8 1479.1 971.8 1238.9 508.7 855.1 242.6 1599.3 
W E -0.274 103.2 71.6 -2.672 75.9 159.4 -0.654 184.3 65.0 -0.354 137.1 77.2 -0.243 112.9 98.2 0.379 184.7 103.0 
D C 1016.0 -149.9 411.8 358.0 -302.9 1118.1 
F 1216.886683 1746.321390 -2.853945 
E -0.280904 196.446622 85.221708 0.251061 
W C 1035.2 109.1 1867.4 753.2 1616.5 1478.4 971.8 1239.2 508.8 855.1 242.8 1598.7 
W E -0.272 102.9 71.3 -2.673 75.8 159.0 -0.654 184.1 64.9 -0.351 136.6 76.9 -0.243 112.9 98.2 0.379 184.3 102.6 
D C 985.4 -154.7 381.6 355.0 618.0 1482.2 -325.8 1120.5 
F 1175.850190 1731.205750 -2.840595 
E -0.256745 193.049084 86.442677 0.257994 
W C 1035.3 109.0 1867.3 753.0 1617.2 1478.1 971.4 1239.8 508.8 855.2 243.1 1598.3 
W E -0.272 102.8 71.3 -2.674 75.6 158.7 -0.654 184.0 64.9 -0.350 136.2 76.6 -0.243 112.9 98.2 0.380 183.8 102.3 
D C 965.4 -154.6 363.7 357.6 -338.5 1125.2 
F 1135.740364 1717.103924 -2.835828 
E -0.236243 189.188167 86.325216 0.251432 
W C 1035.4 109.0 1867.2 752.6 1618.0 1477.7 970.9 1240.7 508.8 854.5 243.7 1598.5 
W E -0.272 102.8 71.3 -2.675 75.5 158.3 -0.655 183.7 64.8 -0.349 135.7 76.2 -0.244 112.4 97.3 0.378 182.9 101.7 
D C 920.6 -156.1 865.4 667.9 316.4 356.2 -393.2 1128.9 
F 1135.558843 1716.740150 -2.835640 
E -0.242350 188.037783 84.159914 0.231439 
W C 1035.4 109.0 1867.2 752.6 1618.0 1477.7 970.4 1241.4 509.2 854.2 243.5 1598.4 
W E -0.272 102.8 71.3 -2.675 75.4 158.2 -0.656 183.6 64.7 -0.348 135.3 75.9 -0.246 111.9 96.6 0.377 182.1 101.3 
D C 887.6 -156.1 828.7 664.3 284.4 355.9 
F 1093.322515 1702.921404 -2.832804 
E -0.220944 184.611197 84.249789 0.245235 
W C 1035.4 109.0 1867.1 752.4 1618.2 1477.5 970.0 1242.2 509.6 853.7 243.5 1598.4 
W E -0.272 102.8 71.3 -2.675 75.4 158.1 -0.656 183.4 64.6 -0.347 134.9 75.5 -0.247 111.5 95.8 0.375 181.3 100.8 
D C 850.6 -157.7 797.1 663.4 250.3 355.9 
F 1052.310504 1689.242464 -2.830291 
E -0.199099 181.361269 84.395645 0.252107 
W C 1035.4 109.0 1867.1 752.2 1618.5 1477.3 969.4 1242.9 509.8 853.2 243.7 1598.5 
W E -0.272 102.8 71.3 -2.675 75.4 158.1 -0.657 183.2 64.5 -0.346 134.4 75.2 -0.247 111.1 95.1 0.374 180.6 100.2 
D C 818.5 -162.2 765.7 657.4 220.1 357.8 
F 1012.552258 1675.415173 -2.823617 
E -0.176082 178.225955 84.651257 0.256404 
W C 1035.4 109.0 1867.2 751.6 1619.4 1477.1 968.6 1243.6 510.0 852.6 244.3 1598.9 
W E -0.271 102.8 71.3 -2.675 75.4 158.0 -0.658 183.1 64.5 -0.345 134.0 74.9 -0.247 110.6 94.4 0.372 179.9 99.7 
D C 802.3 -166.7 749.5 655.6 206.9 358.1 
F 1011.980079 1675.522833 -2.826909 
E -0.181720 177.311169 82.824961 0.235686 
W C 1035.4 109.0 1867.1 751.7 1619.2 1477.0 968.3 1244.1 510.4 852.2 243.9 1598.9 
W E -0.271 102.8 71.3 -2.674 75.3 158.0 -0.658 182.9 64.4 -0.345 133.5 74.6 -0.247 110.2 93.8 0.371 179.2 99.2 
D C 758.5 -167.3 700.8 660.0 156.1 358.9 
F 970.630918 1661.954295 -2.826400 
E -0.157204 174.413876 83.115309 0.248152 
W C 1035.4 109.0 1867.1 751.5 1619.6 1476.9 967.8 1244.7 510.8 851.7 243.9 1599.1 
W E -0.271 102.8 71.3 -2.674 75.3 157.9 -0.659 182.8 64.3 -0.345 133.1 74.3 -0.245 109.9 93.2 0.370 178.6 98.7 
D C 739.3 -167.8 679.8 660.2 139.5 359.2 
F 928.698879 1648.391258 -2.826932 
E -0.131943 171.662418 83.531562 0.255085 
W C 1035.4 109.0 1867.0 751.3 1619.8 1476.8 967.3 1245.2 511.2 851.1 243.9 1599.3 
W E -0.271 102.8 71.3 -2.674 75.3 157.8 -0.659 182.7 64.3 -0.345 132.7 74.1 -0.243 109.5 92.6 0.369 178.0 98.1 
D C 693.8 -171.0 631.8 664.6 94.7 360.3 
F 887.725885 1635.052057 -2.825673 
E -0.106330 169.093002 84.008978 0.258358 
W C 1035.4 109.0 1867.0 751.1 1620.2 1476.7 966.8 1245.6 511.6 850.7 243.9 1599.6 
W E -0.271 102.8 71.3 -2.674 75.3 157.8 -0.660 182.6 64.2 -0.346 132.4 73.8 -0.241 109.0 92.0 0.369 177.4 97.6 
D C 666.3 -170.7 595.6 658.1 63.8 362.6 
F 848.079431 1621.804991 -2.819189 
E -0.079807 166.678742 84.558030 0.260372 
W C 1035.3 109.1 1867.0 750.7 1620.9 1476.5 966.1 1245.9 511.9 850.3 244.2 1600.1 
W E -0.271 102.8 71.3 -2.674 75.3 157.7 -0.660 182.5 64.2 -0.347 132.1 73.5 -0.238 108.6 91.4 0.368 176.8 97.0 
D C 648.8 -174.7 583.1 656.4 47.9 363.1 
F 847.793539 1622.073185 -2.823096 
E -0.085424 165.959230 82.596439 0.238842 
W C 1035.3 109.1 1866.9 750.7 1620.8 1476.5 965.9 1246.2 512.3 849.9 243.7 1600.2 
W E -0.271 102.8 71.3 -2.674 75.3 157.7 -0.661 182.4 64.2 -0.348 131.7 73.2 -0.235 108.3 90.9 0.367 176.3 96.5 
D C 603.7 -176.6 536.2 654.4 -0.3 365.0 
F 805.936725 1608.180883 -2.810237 
E -0.057611 163.735747 83.162845 0.250617 
W C 1035.3 109.1 1866.9 750.6 1620.9 1476.4 965.6 1246.6 512.7 849.6 243.2 1600.2 
W E -0.271 102.8 71.3 -2.674 75.3 157.6 -0.661 182.3 64.1 -0.349 131.5 72.9 -0.231 107.9 90.3 0.366 175.8 95.9 
D C 570.1 -174.4 500.0 654.1 -32.9 366.1 
F 764.573916 1592.931110 -2.744461 
E -0.029122 161.536332 83.863149 0.264749 
W C 1035.3 109.0 1866.8 750.4 1621.2 1476.3 965.3 1247.2 513.2 849.4 242.6 1599.9 
W E -0.271 102.8 71.3 -2.674 75.3 157.6 -0.661 182.2 64.1 -0.350 131.2 72.6 -0.227 107.5 89.8 0.366 175.4 95.3 
D C 540.6 -176.3 467.2 651.6 -64.7 364.7 
F 726.247324 1575.261988 -2.634646 
E -0.001228 159.252458 84.625289 0.284244 
W C 1035.3 109.0 1866.8 750.0 1621.6 1476.0 964.8 1247.9 513.7 849.3 242.0 1599.5 
W E -0.271 102.8 71.3 -2.674 75.3 157.5 -0.662 182.1 64.0 -0.352 131.0 72.3 -0.222 107.1 89.3 0.365 175.0 94.7 
D C 495.0 -211.8 473.4 623.2 -72.1 366.8 
F 725.548221 1577.761337 -2.658297 
E -0.006988 158.697586 82.650483 0.255226 
W C 1035.3 109.0 1866.7 750.0 1621.6 1475.9 964.5 1248.4 514.3 848.9 241.3 1599.5 
W E -0.271 102.8 71.3 -2.674 75.3 157.5 -0.662 182.0 64.0 -0.353 130.8 72.0 -0.218 106.7 88.8 0.365 174.6 94.2 
D C 467.3 -233.0 477.6 609.1 -77.0 367.7 
F 689.627823 1552.648659 -2.518571 
E 0.024387 156.148818 82.696535 0.273095 
W C 1035.9 109.3 1866.7 749.5 1621.9 1475.4 964.2 1248.5 514.4 848.7 240.9 1599.8 
W E -0.266 102.2 71.1 -2.674 75.2 157.4 -0.662 181.8 64.0 -0.353 130.4 71.6 -0.210 106.1 88.3 0.363 174.2 93.2 
D C 384.1 -301.2 513.5 530.3 421.7 1394.0 -68.8 368.2 
F 659.380789 1524.585051 -2.396361 
E 0.049435 153.269389 82.516365 0.271136 
W C 1036.1 109.7 1866.7 749.1 1622.1 1475.1 964.1 1248.7 514.7 848.2 240.4 1599.9 
W E -0.260 101.7 70.9 -2.673 75.2 157.2 -0.662 181.6 64.0 -0.353 130.1 71.2 -0.202 105.6 87.7 0.362 173.8 92.3 
D C 292.0 -357.5 542.5 445.9 577.0 1315.3 -59.0 372.3 
F 632.345169 1496.544424 -2.306859 
E 0.071073 150.095383 82.341552 0.267485 
W C 1036.1 110.0 1866.8 748.5 1622.6 1474.6 964.0 1248.8 515.0 848.0 239.9 1599.7 
W E -0.255 101.1 70.7 -2.673 75.2 157.1 -0.662 181.5 63.9 -0.353 129.8 70.8 -0.194 105.0 87.2 0.360 173.4 91.4 
D C 255.9 -377.3 547.0 414.2 621.5 1275.8 -54.4 372.7 
F 632.139174 1495.549555 -2.305548 
E 0.065900 149.531815 80.836140 0.243989 
W C 1036.2 110.0 1866.7 748.6 1622.4 1474.7 963.9 1249.2 515.4 847.5 239.2 1599.9 
W E -0.255 101.1 70.7 -2.673 75.2 157.0 -0.662 181.4 63.9 -0.353 129.6 70.4 -0.190 104.6 86.8 0.360 173.1 90.9 
D C 187.9 -402.9 556.5 357.8 -47.5 373.2 
F 609.953400 1461.042072 -2.177067 
E 0.086953 146.242155 80.916794 0.257849 
W C 1036.0 110.5 1866.8 748.2 1622.7 1474.3 964.0 1249.3 515.8 847.0 238.8 1599.7 
W E -0.249 100.6 70.5 -2.673 75.2 156.9 -0.662 181.2 63.9 -0.353 129.4 70.0 -0.182 104.1 86.3 0.358 172.8 90.1 
D C 120.7 -424.8 560.1 299.9 791.8 1126.0 -41.8 374.4 
F 591.962403 1425.486212 -2.064464 
E 0.103434 142.742566 81.007956 0.261710 
W C 1035.8 110.9 1866.8 747.8 1623.1 1474.0 964.2 1249.4 516.1 846.5 238.2 1599.4 
W E -0.244 100.0 70.3 -2.673 75.2 156.8 -0.662 181.1 63.9 -0.352 129.1 69.6 -0.175 103.5 85.9 0.357 172.4 89.3 
D C 45.3 -442.5 558.3 237.8 874.6 1034.6 -34.7 373.1 
F 577.484776 1389.817250 -1.958809 
E 0.112434 139.153739 81.926380 0.278306 
W C 1035.2 110.9 1866.9 747.7 1623.3 1473.9 964.3 1249.8 516.8 846.0 236.8 1598.8 
W E -0.244 100.0 70.3 -2.673 75.2 156.8 -0.662 181.0 63.8 -0.353 128.9 69.2 -0.172 103.1 85.4 0.356 172.1 88.9 
D C 8.6 -446.6 556.9 207.5 -31.4 374.2 
F 568.484516 1356.286045 -1.838227 
E 0.123297 135.635753 81.845170 0.264255 
W C 1035.3 111.2 1866.8 747.5 1623.8 1473.6 964.5 1249.7 516.7 845.6 236.2 1599.0 
W E -0.239 99.5 70.2 -2.675 75.0 156.4 -0.662 180.9 63.8 -0.352 128.6 68.7 -0.164 102.4 85.0 0.354 171.7 88.2 
D C -104.3 -453.2 534.5 120.4 998.4 846.7 194.9 1410.6 -21.0 374.8 
F 570.976237 1354.469765 -1.824420 
E 0.125932 134.766390 80.081569 0.225121 
W C 1035.1 111.6 1866.7 747.2 1623.6 1473.2 964.9 1250.4 517.4 845.1 235.5 1598.2 
W E -0.235 98.9 70.0 -2.677 74.7 156.0 -0.663 180.5 63.7 -0.350 128.3 68.2 -0.157 101.7 84.6 0.353 171.2 87.5 
D C -178.0 -446.0 512.5 55.6 1055.3 725.2 322.9 1383.0 -9.3 369.3 -318.6 961.9 
F 570.977437 1316.950638 -1.646796 
E 0.134325 131.112294 80.637682 0.248208 
W C 1035.0 112.0 1866.6 746.9 1623.3 1473.0 965.1 1250.8 517.7 844.7 236.0 1597.9 
W E -0.231 98.4 69.8 -2.680 74.5 155.6 -0.663 180.2 63.5 -0.348 128.1 67.7 -0.151 101.0 84.2 0.351 171.0 87.0 
D C 488.7 -19.1 1115.7 575.6 473.2 1325.7 13.1 361.8 -220.7 993.5 
F 575.324231 1280.434612 -1.489649 
E 0.132428 127.468384 80.853335 0.262661 
W C 1035.1 112.3 1866.5 746.6 1623.6 1472.7 964.9 1251.2 517.9 844.1 236.4 1598.0 
W E -0.226 97.9 69.7 -2.682 74.3 155.2 -0.663 180.1 63.5 -0.346 127.8 67.3 -0.143 100.4 83.9 0.350 170.8 86.6 
D C 456.0 -83.1 1153.1 425.6 612.4 1247.4 33.3 351.8 
F 586.940009 1244.843350 -1.316199 
E 0.115471 124.006994 81.265000 0.280228 
W C 1035.1 112.3 1866.2 746.7 1623.7 1472.6 964.7 1252.0 518.0 843.7 236.5 1597.7 
W E -0.226 97.9 69.7 -2.684 74.1 154.9 -0.663 180.0 63.5 -0.345 127.6 66.9 -0.139 99.8 83.5 0.349 170.7 86.4 
D C 388.3 -177.5 791.3 1096.5 58.8 334.4 
F 589.167082 1243.443722 -1.304445 
E 0.124183 123.427671 79.935871 0.244280 
W C 1034.9 112.6 1866.1 746.3 1624.1 1472.3 964.9 1252.5 517.9 843.3 236.8 1597.0 
W E -0.223 97.4 69.5 -2.686 73.8 154.6 -0.663 179.9 63.5 -0.343 127.4 66.4 -0.130 99.2 83.2 0.348 170.6 86.0 
D C 361.4 -204.4 1167.8 112.3 848.8 1048.9 66.9 327.2 
F 608.224013 1209.122643 -1.119781 
E 0.097123 119.998112 79.555932 0.264900 
W C 1035.0 112.9 1866.1 745.9 1624.5 1471.9 965.0 1253.0 517.8 842.9 237.3 1596.6 
W E -0.219 96.9 69.4 -2.688 73.6 154.3 -0.663 179.8 63.5 -0.340 127.2 66.0 -0.118 98.5 82.8 0.347 170.4 85.7 
D C 299.1 -257.6 1139.5 -48.1 958.3 919.4 80.4 309.7 
F 630.594305 1179.083695 -0.960800 
E 0.062174 117.133079 78.608520 0.269752 
W C 1035.1 113.2 1866.0 745.4 1624.9 1471.6 964.8 1253.5 517.7 842.5 237.7 1596.5 
W E -0.215 96.4 69.2 -2.689 73.4 154.0 -0.663 179.7 63.5 -0.337 126.9 65.6 -0.103 97.8 82.4 0.346 170.3 85.4 
D C 230.0 -296.1 1093.5 -195.8 1039.4 787.0 91.0 291.0 
F 655.789506 1153.135131 -0.817125 
E 0.024980 114.818884 77.306463 0.269371 
W C 1035.2 113.5 1866.1 745.0 1625.3 1471.3 964.6 1253.9 517.7 842.0 238.2 1596.6 
W E -0.212 95.9 69.1 -2.691 73.2 153.7 -0.663 179.6 63.4 -0.333 126.6 65.2 -0.084 97.1 82.0 0.345 170.2 85.1 
D C 160.0 -329.9 1025.6 -345.0 1108.0 642.3 100.3 272.9 
F 682.701927 1128.134707 -0.740315 
E -0.009675 112.682730 75.710042 0.259920 
W C 1035.3 113.7 1866.0 744.7 1625.4 1471.2 964.3 1253.9 517.9 841.0 238.6 1597.6 
W E -0.209 95.5 68.9 -2.693 72.9 153.4 -0.663 179.5 63.4 -0.330 126.3 64.8 -0.063 96.5 81.5 0.345 170.1 84.8 
D C 126.2 -345.2 988.0 -411.9 1127.3 564.2 103.5 264.0 
F 686.449711 1128.597404 -0.711180 
E -0.000945 111.971621 74.523720 0.230742 
W C 1035.4 113.9 1866.2 744.2 1625.7 1470.9 964.2 1254.5 517.9 840.9 238.9 1597.2 
W E -0.206 95.0 68.8 -2.694 72.7 153.1 -0.663 179.5 63.4 -0.326 126.0 64.4 -0.043 95.9 81.1 0.344 170.0 84.6 
D C 21.0 -374.4 861.3 -590.0 1181.2 351.4 111.6 238.2 
F 725.168382 1102.001795 -0.664614 
E -0.041516 109.818818 73.136907 0.237711 
W C 1035.4 114.0 1866.2 743.8 1625.7 1470.8 964.1 1254.7 518.1 840.8 238.7 1596.9 
W E -0.203 94.6 68.6 -2.696 72.5 152.8 -0.662 179.4 63.4 -0.322 125.7 64.1 -0.021 95.4 80.5 0.343 169.9 84.4 
D C -50.1 -379.6 773.3 -670.2 1165.1 240.1 99.6 227.0 
F 765.066210 1079.922158 -0.605966 
E -0.081855 107.920973 71.924157 0.233510 
W C 1035.6 114.3 1866.3 743.4 1626.0 1469.6 963.6 1255.7 518.9 840.3 238.5 1597.0 
W E -0.200 94.2 68.5 -2.697 72.3 152.6 -0.662 179.1 63.2 -0.317 125.2 63.7 -0.001 94.9 79.9 0.343 169.8 84.2 
D C -106.3 -380.6 702.3 -697.0 1136.0 194.4 558.8 694.9 69.4 222.0 
F 804.871401 1059.804274 -0.560849 
E -0.125244 106.516567 71.321108 0.237085 
W C 1035.6 114.6 1866.2 743.0 1626.1 1468.7 963.3 1256.4 520.0 839.5 238.2 1597.2 
W E -0.198 93.8 68.3 -2.698 72.1 152.3 -0.662 178.8 63.1 -0.313 124.7 63.4 0.010 94.7 79.8 0.343 169.7 84.1 
D C 638.2 -720.6 1103.8 147.3 549.8 679.4 42.0 219.2 
F 808.769779 1060.782619 -0.544546 
E -0.127461 105.910858 70.357927 0.215480 
W C 1035.5 115.0 1865.9 742.8 1625.7 1468.2 961.5 1258.2 522.0 838.4 238.0 1596.7 
W E -0.197 93.4 68.2 -2.699 71.9 152.0 -0.662 178.5 62.9 -0.308 124.3 63.2 0.020 94.4 79.7 0.342 169.7 84.0 
D C 583.9 -723.9 1056.0 144.2 505.9 678.8 -5.6 223.2 
F 850.447526 1039.413957 -0.524938 
E -0.176090 104.827552 69.856202 0.230015 
W C 1035.7 115.3 1865.7 742.5 1625.5 1467.7 960.7 1259.0 523.1 837.9 238.0 1596.7 
W E -0.196 93.0 68.0 -2.700 71.7 151.8 -0.662 178.2 62.8 -0.305 123.8 63.0 0.028 94.2 79.6 0.342 169.7 83.9 
D C 568.0 -722.2 1029.5 143.8 487.8 675.9 -21.7 225.9 
F 891.132461 1019.286038 -0.503698 
E -0.224695 104.167966 69.734505 0.240027 
W C 1036.0 115.4 1865.6 742.2 1625.5 1467.2 960.3 1259.6 523.6 837.7 237.9 1596.7 
W E -0.195 92.7 67.9 -2.701 71.5 151.5 -0.662 178.0 62.6 -0.304 123.7 62.9 0.034 94.1 79.5 0.342 169.7 83.8 
D C 539.2 -725.9 994.3 145.1 452.1 682.3 
F 931.671261 999.720562 -0.489406 
E -0.274090 103.697481 69.839022 0.245093 
W C 1036.5 115.6 1865.6 741.8 1625.6 1466.7 960.0 1259.9 523.7 837.6 238.0 1596.8 
W E -0.194 92.3 67.7 -2.702 71.3 151.3 -0.662 177.7 62.4 -0.303 123.6 62.8 0.039 94.0 79.4 0.342 169.6 83.8 
D C 502.1 -721.1 959.5 143.1 423.8 679.6 
F 932.910093 1000.627125 -0.481028 
E -0.279728 103.336457 68.709862 0.223446 
W C 1036.7 115.9 1865.3 741.6 1625.3 1466.5 960.1 1260.0 524.1 837.4 238.1 1596.8 
W E -0.193 92.0 67.6 -2.703 71.0 151.0 -0.662 177.4 62.3 -0.302 123.5 62.7 0.043 93.9 79.4 0.342 169.6 83.7 
D C 472.7 -720.6 927.4 144.1 389.9 684.6 
F 973.130120 981.211097 -0.472267 
E -0.329806 103.097669 68.757744 0.236175 
W C 1037.0 116.1 1865.1 741.3 1625.2 1466.2 960.1 1260.1 524.3 837.3 238.2 1596.9 
W E -0.193 91.6 67.5 -2.704 70.8 150.8 -0.662 177.2 62.2 -0.301 123.5 62.6 0.047 93.8 79.3 0.342 169.6 83.6 
D C 439.7 -722.3 894.6 141.8 365.5 685.0 
F 1013.602945 961.836015 -0.464042 
E -0.380912 103.033796 69.052185 0.243364 
W C 1037.5 116.3 1865.0 741.0 1625.2 1465.9 960.0 1260.2 524.4 837.4 238.3 1597.0 
W E -0.193 91.3 67.3 -2.704 70.6 150.6 -0.661 176.9 62.0 -0.300 123.4 62.6 0.050 93.7 79.3 0.342 169.6 83.6 
D C 408.0 -724.1 862.3 144.8 327.5 688.2 
F 1054.011650 942.289872 -0.462463 
E -0.432824 103.128412 69.522830 0.246995 
W C 1037.9 116.5 1864.9 740.7 1625.1 1465.6 960.0 1260.2 524.4 837.4 238.4 1597.1 
W E -0.194 90.9 67.2 -2.705 70.4 150.3 -0.661 176.6 61.9 -0.300 123.4 62.5 0.053 93.7 79.2 0.342 169.6 83.5 
D C 363.4 -720.5 813.0 149.4 278.9 692.8 
F 1093.940968 923.326401 -0.456486 
E -0.485832 103.378210 70.117294 0.248817 
W C 1038.7 116.5 1864.9 740.1 1625.4 1465.1 959.8 1260.4 524.1 837.6 238.4 1597.4 
W E -0.194 90.6 67.0 -2.706 70.2 150.1 -0.661 176.4 61.7 -0.299 123.3 62.4 0.056 93.6 79.2 0.342 169.6 83.5 
D C 347.9 -722.6 793.1 145.8 265.8 690.5 
F 1133.621315 904.468803 -0.455145 
E -0.539788 103.788622 70.794494 0.249757 
W C 1039.5 116.5 1864.9 739.5 1625.8 1464.5 959.6 1260.6 523.7 837.8 238.5 1597.7 
W E -0.195 90.3 66.9 -2.706 70.0 149.9 -0.661 176.1 61.6 -0.298 123.3 62.4 0.059 93.5 79.1 0.342 169.6 83.4 
D C 313.2 -723.1 758.5 146.6 233.0 692.6 
F 1134.057439 904.704524 -0.453917 
E -0.538159 103.460954 69.183812 0.226812 
W C 1039.9 116.7 1864.7 739.3 1625.7 1464.3 959.7 1260.6 523.9 837.8 238.6 1597.7 
W E -0.196 89.9 66.8 -2.706 69.8 149.7 -0.660 175.9 61.4 -0.298 123.2 62.3 0.062 93.5 79.1 0.342 169.6 83.3 
D C 264.4 -723.1 708.3 143.7 184.1 692.2 
F 1174.325873 885.474247 -0.452553 
E -0.591242 104.058199 69.808270 0.239109 
W C 1040.6 116.8 1864.6 738.9 1625.8 1463.9 959.6 1260.7 523.7 837.9 238.7 1597.9 
W E -0.197 89.6 66.7 -2.707 69.6 149.4 -0.660 175.6 61.3 -0.297 123.2 62.3 0.065 93.4 79.0 0.342 169.5 83.3 
D C 249.0 -721.9 691.2 144.6 166.4 693.4 
F 1214.344021 866.366560 -0.451563 
E -0.644673 104.801275 70.560260 0.245245 
W C 1041.2 116.9 1864.4 738.5 1625.9 1463.6 959.5 1260.8 523.6 838.0 238.7 1598.1 
W E -0.198 89.3 66.5 -2.707 69.4 149.2 -0.660 175.4 61.2 -0.296 123.1 62.2 0.067 93.4 79.0 0.342 169.5 83.2 
D C 200.8 -723.4 644.3 145.2 118.3 697.5 
F 1255.043670 848.167466 -0.442204 
E -0.697966 105.860390 72.044268 0.258231 
W C 1041.4 116.9 1864.6 738.2 1626.1 1463.4 959.4 1260.8 523.4 838.1 238.8 1598.2 
W E -0.200 89.1 66.5 -2.708 69.3 149.1 -0.660 175.2 61.1 -0.296 123.1 62.2 0.068 93.3 79.0 0.341 169.5 83.2 
D C 625.4 147.0 103.3 700.2 
F 1254.762440 848.178597 -0.443767 
E -0.692713 105.495760 70.313249 0.232953 
W C 1042.0 117.0 1864.4 737.8 1626.2 1463.1 959.3 1260.9 523.3 838.2 238.8 1598.4 
W E -0.201 88.8 66.4 -2.708 69.1 148.8 -0.659 175.0 60.9 -0.296 123.1 62.2 0.070 93.3 78.9 0.341 169.5 83.2 
D C 153.4 -722.0 592.6 145.0 75.1 701.7 
F 1295.834552 829.456812 -0.434292 
E -0.744471 106.747178 71.737494 0.251476 
W C 1042.0 117.0 1864.4 737.8 1626.1 1463.2 959.3 1260.9 523.4 838.2 238.8 1598.4 
W E -0.203 88.7 66.4 -2.709 68.9 148.7 -0.659 174.8 60.8 -0.296 123.1 62.1 0.071 93.3 78.9 0.341 169.5 83.2 
D C 548.2 148.5 25.4 704.5 
F 1335.130228 813.104820 -0.323803 
E -2.361596 72.782126 108.720711 0.273422 
W C 1043.4 116.8 1864.1 737.4 1626.2 1462.7 959.0 1261.3 523.0 838.6 238.9 1598.9 
W E -0.204 88.4 66.3 -2.709 68.7 148.5 -0.659 174.6 60.7 -0.295 123.0 62.1 0.073 93.2 78.9 0.341 169.5 83.1 
D C 94.8 -727.4 530.3 145.4 6.0 704.9 
F 1370.883748 803.167630 -0.166501 
E -2.383733 74.066423 111.520467 0.305687 
W C 1044.7 116.6 1863.8 737.0 1626.2 1462.3 958.7 1261.7 522.6 839.0 238.9 1599.4 
W E -0.206 88.1 66.2 -2.709 68.5 148.3 -0.659 174.4 60.6 -0.295 123.0 62.1 0.075 93.2 78.9 0.341 169.5 83.1 
D C -17.4 -730.3 501.2 85.8 46.7 697.9 
F 1398.780273 796.534759 -0.071955 
E -2.401294 74.688847 113.612567 0.301933 
W C 1046.0 116.3 1863.6 736.7 1626.4 1461.8 958.2 1262.2 522.2 839.4 238.8 1600.0 
W E -0.208 87.8 66.0 -2.709 68.3 148.0 -0.659 174.2 60.5 -0.294 122.9 62.0 0.077 93.1 78.9 0.341 169.5 83.1 
D C -69.5 -734.5 488.2 51.5 80.8 694.3 
F 1397.649142 796.347956 -0.084244 
E -2.396178 73.229132 113.074979 0.261644 
W C 1047.0 116.2 1863.3 736.3 1626.3 1461.7 957.9 1262.5 521.9 839.6 238.7 1600.3 
W E -0.211 87.5 65.9 -2.709 68.2 147.8 -0.658 174.0 60.4 -0.294 122.9 62.0 0.079 93.1 78.8 0.341 169.5 83.0 
D C -201.2 -720.6 470.1 -31.4 163.9 665.1 
F 1429.311267 801.624529 0.108639 
E -2.410164 74.115060 115.285745 0.288600 
W C 1048.0 116.1 1863.1 735.9 1626.2 1461.6 957.6 1262.8 521.5 839.8 238.6 1600.6 
W E -0.213 87.2 65.8 -2.709 68.0 147.6 -0.658 173.8 60.2 -0.293 122.8 61.9 0.080 93.1 78.8 0.341 169.5 83.0 
D C -325.3 -689.0 438.1 -100.9 236.4 637.5 
F 1459.674738 812.467817 0.305919 
E -2.422586 75.312528 117.689979 0.310162 
W C 1047.5 116.1 1863.5 736.0 1626.2 1461.5 957.7 1262.7 521.6 839.8 238.7 1600.5 
W E -0.214 87.1 65.8 -2.709 67.8 147.5 -0.658 173.7 60.1 -0.293 122.8 61.9 0.081 93.0 78.8 0.341 169.5 83.0 
D C 394.8 -176.1 312.9 586.5 
F 1487.205204 830.595907 0.520010 
E -2.433839 76.377356 120.286491 0.320976 
W C 1047.3 116.2 1863.7 736.0 1626.1 1461.4 957.8 1262.7 521.7 839.8 238.8 1600.5 
W E -0.216 87.0 65.8 -2.710 67.7 147.4 -0.658 173.5 60.1 -0.293 122.8 61.9 0.081 93.0 78.8 0.341 169.5 83.0 
D C 305.4 -271.4 408.1 491.9 
F 1487.145233 831.880926 0.530448 
E -2.430193 75.276493 119.902503 0.284351 
W C 1047.5 116.2 1863.8 735.8 1625.9 1461.4 957.7 1262.7 521.6 839.9 238.8 1600.6 
W E -0.217 86.9 65.8 -2.710 67.6 147.3 -0.658 173.4 60.0 -0.293 122.8 61.9 0.082 93.0 78.8 0.341 169.4 83.0 
D C 272.6 -298.5 432.8 455.2 
F 1509.923279 856.935614 0.752847 
E -2.441178 76.172342 122.482818 0.298146 
W C 1047.4 116.3 1864.1 735.7 1625.8 1461.4 957.8 1262.5 521.6 839.9 238.8 1600.7 
W E -0.218 86.8 65.8 -2.710 67.5 147.2 -0.658 173.3 59.9 -0.293 122.8 61.8 0.082 93.0 78.8 0.341 169.4 83.0 
D C 197.6 -343.3 477.5 375.6 -139.4 637.0 
F 1526.974101 883.257070 0.938992 
E -2.448124 76.351936 125.125992 0.299335 
W C 1047.1 116.3 1864.5 735.7 1625.8 1461.4 957.9 1262.3 521.5 840.0 238.9 1600.7 
W E -0.219 86.7 65.7 -2.711 67.4 147.1 -0.658 173.1 59.8 -0.293 122.7 61.8 0.083 93.0 78.8 0.341 169.4 82.9 
D C 121.6 -374.7 509.4 295.3 -59.8 642.2 
F 1539.288769 910.785091 1.106954 
E -2.449462 76.148406 127.800322 0.299367 
W C 1046.6 116.4 1865.0 735.6 1625.8 1461.3 958.0 1262.1 521.3 840.1 238.9 1600.8 
W E -0.220 86.7 65.7 -2.711 67.2 147.0 -0.658 173.0 59.7 -0.293 122.7 61.7 0.083 93.0 78.8 0.341 169.4 82.9 
D C 44.4 -397.5 526.6 212.9 9.4 643.2 
F 1544.740674 940.912237 1.295517 
E -2.445211 75.658305 130.347276 0.297423 
W C 1046.2 116.4 1865.5 735.7 1625.8 1461.3 958.1 1261.9 521.1 840.2 238.9 1600.7 
W E -0.221 86.6 65.7 -2.711 67.1 146.9 -0.658 172.8 59.6 -0.293 122.6 61.6 0.084 92.9 78.8 0.341 169.4 82.9 
D C -79.6 -408.3 527.6 77.0 122.2 616.6 
F 1542.972751 941.123653 1.307673 
E -2.448312 74.078792 129.761627 0.251089 
W C 1046.0 116.3 1866.0 735.8 1625.7 1461.2 958.3 1261.6 520.8 840.7 238.9 1600.7 
W E -0.222 86.6 65.7 -2.712 67.0 146.8 -0.658 172.7 59.5 -0.293 122.6 61.5 0.083 92.8 78.6 0.341 169.4 82.9 
D C -117.1 -404.9 518.4 38.6 154.2 601.9 -301.8 992.1 
F 1540.091175 974.477547 1.543511 
E -2.444558 74.131082 132.286515 0.281400 
W C 1046.0 116.3 1866.0 736.0 1625.6 1461.2 958.4 1261.4 520.7 840.9 238.9 1600.7 
W E -0.222 86.6 65.7 -2.712 66.9 146.8 -0.658 172.5 59.3 -0.293 122.5 61.4 0.081 92.6 78.5 0.341 169.4 82.9 
D C 484.2 -80.6 250.5 552.4 -114.8 1028.0 
F 1533.927440 1006.355876 1.729277 
E -2.432267 73.654106 134.513713 0.292574 
W C 1046.1 116.3 1865.9 735.9 1625.3 1461.6 958.6 1261.2 520.7 840.9 238.9 1600.7 
W E -0.222 86.5 65.7 -2.712 66.9 146.7 -0.659 172.4 59.2 -0.293 122.5 61.3 0.080 92.5 78.4 0.341 169.3 82.9 
D C 463.7 -129.5 284.9 522.4 -45.0 1028.0 
F 1523.151007 1048.131717 1.795468 
E -2.401160 72.719840 136.690123 0.274697 
W C 1046.1 116.3 1865.9 735.8 1624.8 1462.0 958.8 1261.1 520.8 841.1 238.8 1600.6 
W E -0.222 86.5 65.7 -2.712 66.9 146.7 -0.659 172.2 59.1 -0.293 122.4 61.2 0.078 92.3 78.3 0.340 169.3 82.9 
D C 417.6 -200.3 332.5 472.9 77.4 1016.9 
F 1517.688208 1048.128134 1.840044 
E -2.405684 71.985434 136.173879 0.245442 
W C 1045.9 116.2 1866.0 736.1 1625.0 1461.9 958.9 1260.9 520.6 841.3 238.8 1600.5 
W E -0.222 86.5 65.7 -2.712 66.9 146.7 -0.659 172.1 59.0 -0.293 122.4 61.1 0.075 92.2 78.1 0.340 169.3 82.9 
D C 340.7 -282.7 370.5 402.0 195.8 988.2 
F 1501.103622 1090.003330 1.880192 
E -2.372359 71.102648 138.151369 0.249948 
W C 1045.8 116.2 1866.0 736.1 1624.9 1462.0 959.0 1260.8 520.6 841.5 238.8 1600.4 
W E -0.222 86.5 65.7 -2.712 66.9 146.6 -0.659 171.9 58.9 -0.293 122.3 61.0 0.073 92.0 78.0 0.340 169.2 82.9 
D C 319.3 -281.9 353.5 402.9 185.7 984.8 
F 1479.641379 1131.150733 1.940915 
E -0.768859 139.903559 70.435572 0.243135 
W C 1045.8 116.2 1866.2 736.3 1624.4 1462.2 959.1 1260.5 520.5 841.4 239.8 1601.3 
W E -0.222 86.5 65.7 -2.712 66.9 146.6 -0.660 171.7 58.8 -0.293 122.2 60.8 0.071 91.9 77.9 0.341 169.0 82.7 
D C 240.6 -305.9 991.3 835.3 327.0 374.9 198.7 971.5 
F 1458.185912 1170.654946 1.984602 
E -0.734690 141.493138 69.960271 0.240049 
W C 1045.9 116.1 1866.4 736.1 1623.8 1462.6 959.3 1260.4 520.5 841.4 240.3 1601.7 
W E -0.222 86.5 65.7 -2.712 66.8 146.6 -0.660 171.6 58.7 -0.293 122.2 60.7 0.069 91.8 77.8 0.342 168.7 82.5 
D C 214.0 -309.4 977.9 824.1 314.1 371.6 186.3 971.4 
F 1437.434717 1208.223367 2.013954 
E -0.699995 142.945785 69.632357 0.238110 
W C 1045.9 115.9 1866.6 735.7 1623.2 1463.1 959.5 1260.4 520.6 841.5 240.6 1602.0 
W E -0.222 86.5 65.7 -2.712 66.8 146.5 -0.660 171.4 58.7 -0.293 122.1 60.5 0.067 91.6 77.6 0.342 168.5 82.4 
D C 178.8 -306.2 951.2 821.8 285.9 373.9 158.4 970.3 
F 1434.923869 1208.489727 2.027492 
E -0.701549 142.227556 68.612508 0.215122 
W C 1045.9 116.0 1866.5 736.0 1623.0 1463.2 959.5 1260.2 520.4 841.5 241.0 1602.2 
W E -0.222 86.5 65.7 -2.712 66.8 146.5 -0.660 171.2 58.6 -0.293 122.1 60.4 0.065 91.5 77.5 0.343 168.3 82.2 
D C 128.9 -302.7 907.0 823.3 235.7 375.3 107.0 971.2 
F 1413.844791 1247.417928 2.039626 
E -0.665669 143.754259 68.298483 0.227952 
W C 1045.9 115.9 1866.6 735.8 1622.7 1463.6 959.7 1260.0 520.4 841.6 241.3 1602.3 
W E -0.222 86.4 65.7 -2.711 66.8 146.4 -0.660 171.1 58.5 -0.293 122.0 60.2 0.063 91.4 77.3 0.343 168.1 82.1 
D C 113.7 -302.3 890.0 822.9 222.3 376.8 94.9 971.5 
F 1392.404001 1286.312417 2.048619 
E -0.628861 145.394160 68.169085 0.234612 
W C 1045.8 115.9 1866.6 735.7 1622.4 1464.1 959.9 1259.8 520.4 841.6 241.7 1602.4 
W E -0.222 86.4 65.6 -2.711 66.8 146.3 -0.660 170.9 58.4 -0.293 121.9 60.1 0.061 91.2 77.2 0.344 167.8 81.9 
D C 66.0 -310.7 840.0 820.9 174.6 375.8 44.1 974.0 
F 1371.284148 1323.876306 2.054964 
E -0.591776 147.189065 68.161552 0.238271 
W C 1045.8 115.8 1866.7 735.2 1622.1 1464.8 960.1 1259.6 520.5 841.6 242.0 1602.5 
W E -0.222 86.4 65.6 -2.711 66.8 146.3 -0.659 170.8 58.2 -0.292 121.9 59.9 0.060 91.1 77.1 0.344 167.6 81.8 
D C 33.1 -313.4 805.3 821.5 142.7 377.7 11.2 970.1 
F 1350.442387 1359.507153 2.060491 
E -0.554551 149.224350 68.270936 0.241397 
W C 1045.6 115.5 1866.8 734.2 1622.1 1466.0 960.3 1259.4 520.5 841.5 242.4 1602.4 
W E -0.222 86.4 65.6 -2.711 66.8 146.2 -0.659 170.6 58.1 -0.292 121.8 59.8 0.058 91.0 76.9 0.345 167.4 81.7 
D C 19.5 -314.1 787.0 817.8 126.4 379.8 -3.7 969.8 
F 1349.625751 1359.527729 2.060910 
E -0.554344 148.620250 66.906189 0.219134 
W C 1045.6 115.5 1866.7 734.3 1621.9 1466.5 960.4 1259.0 520.4 841.6 242.8 1602.6 
W E -0.222 86.4 65.6 -2.710 66.7 146.2 -0.659 170.5 58.0 -0.291 121.8 59.6 0.056 90.9 76.8 0.345 167.2 81.5 
D C -32.5 -322.0 739.6 817.2 75.5 375.2 -57.4 971.4 
F 1326.120833 1396.269226 2.128259 
E -0.519082 150.834181 67.133151 0.240580 
W C 1045.4 115.4 1866.7 733.9 1621.9 1467.5 960.6 1258.7 520.3 841.4 243.1 1602.5 
W E -0.222 86.4 65.6 -2.710 66.7 146.1 -0.659 170.4 57.8 -0.291 121.7 59.5 0.054 90.8 76.7 0.346 167.0 81.4 
D C -47.5 -322.1 722.7 813.6 62.7 376.4 -69.6 973.6 
F 1300.310956 1431.052513 2.197897 
E -0.482031 153.037971 67.890991 0.260408 
W C 1045.2 115.3 1866.6 733.5 1622.0 1468.5 960.8 1258.2 520.1 841.4 243.3 1602.3 
W E -0.222 86.4 65.6 -2.710 66.7 146.1 -0.659 170.3 57.7 -0.290 121.7 59.3 0.054 90.8 76.6 0.346 166.9 81.3 
D C -112.3 -327.2 725.8 768.1 37.2 368.9 
F 1270.803702 1465.313641 2.283692 
E -0.444620 155.402943 69.201461 0.279940 
W C 1045.2 115.3 1866.6 733.6 1621.8 1468.5 960.9 1258.1 520.0 841.6 243.3 1602.1 
W E -0.222 86.4 65.6 -2.710 66.7 146.1 -0.659 170.2 57.7 -0.289 121.6 59.3 0.054 90.8 76.6 0.346 166.7 81.2 
D C 737.4 716.2 29.7 360.8 
F 1270.202462 1465.911379 2.280590 
E -0.447380 155.055219 68.303166 0.259896 
W C 1045.1 115.4 1866.5 733.8 1621.4 1468.8 961.1 1257.9 519.9 841.6 243.7 1602.2 
W E -0.222 86.4 65.6 -2.710 66.7 146.0 -0.659 170.1 57.7 -0.289 121.5 59.2 0.055 90.8 76.6 0.347 166.6 81.1 
D C 749.0 659.2 21.4 352.5 
F 1237.352769 1497.081041 2.369443 
E -0.409128 157.225613 69.572101 0.280597 
W C 1045.1 115.4 1866.4 734.0 1621.1 1469.0 961.3 1257.8 519.8 841.6 243.9 1602.2 
W E -0.222 86.4 65.6 -2.710 66.7 146.0 -0.659 170.0 57.7 -0.289 121.5 59.1 0.055 90.7 76.6 0.348 166.5 81.0 
D C 758.7 612.0 13.7 349.5 
F 1202.688079 1525.735611 2.453547 
E -0.368860 159.167063 71.165456 0.293456 
W C 1045.0 115.4 1866.4 734.0 1621.1 1469.0 961.3 1257.9 519.7 841.6 243.9 1602.1 
W E -0.222 86.4 65.6 -2.710 66.7 146.0 -0.659 169.9 57.7 -0.288 121.4 59.0 0.055 90.7 76.6 0.348 166.3 80.9 
D C 758.2 585.2 7.2 348.2 
F 1166.037669 1550.822672 2.541169 
E -0.328162 160.808487 72.989263 0.301094 
W C 1045.0 115.4 1866.4 734.0 1621.1 1469.0 961.4 1258.0 519.7 841.6 243.9 1601.9 
W E -0.222 86.4 65.6 -2.710 66.7 146.0 -0.658 169.8 57.7 -0.288 121.4 59.0 0.054 90.7 76.6 0.349 166.2 80.8 
D C 770.6 508.9 -4.5 342.3 
F 1165.746002 1551.061606 2.538717 
E -0.333552 160.277155 71.858815 0.277144 
W C 1045.0 115.4 1866.4 734.1 1620.9 1469.1 961.5 1258.0 519.6 841.6 244.1 1601.9 
W E -0.222 86.4 65.6 -2.710 66.7 146.0 -0.658 169.7 57.6 -0.287 121.3 58.9 0.054 90.7 76.6 0.349 166.1 80.7 
D C 766.6 476.4 -6.5 341.0 
F 1125.718964 1572.353897 2.638258 
E -0.296183 161.473722 72.973918 0.281693 
W C 1044.9 115.4 1866.3 734.2 1620.6 1469.3 961.7 1258.0 519.7 841.5 244.2 1601.9 
W E -0.222 86.4 65.6 -2.710 66.7 146.0 -0.658 169.6 57.6 -0.287 121.2 58.9 0.052 90.6 76.4 0.349 165.9 80.5 
D C 760.5 392.3 151.5 927.9 -23.1 337.4 
F 1084.559936 1589.035982 2.784619 
E -0.259445 162.357123 74.156929 0.298931 
W C 1044.9 115.4 1866.2 734.2 1620.3 1469.4 961.7 1258.2 520.0 841.3 244.2 1601.9 
W E -0.222 86.4 65.6 -2.710 66.7 146.0 -0.659 169.5 57.6 -0.287 121.1 58.8 0.050 90.5 76.3 0.350 165.8 80.4 
D C 755.6 338.4 180.4 910.6 -30.4 337.6 
F 1043.959244 1601.636453 2.908694 
E -0.223162 162.552740 75.309859 0.304847 
W C 1044.8 115.4 1866.2 734.1 1620.3 1469.2 961.6 1258.6 520.3 841.1 244.1 1601.7 
W E -0.222 86.4 65.6 -2.710 66.7 145.9 -0.659 169.4 57.6 -0.287 121.0 58.7 0.048 90.4 76.1 0.350 165.6 80.3 
D C 757.7 290.3 220.0 892.9 -24.9 334.6 
F 1004.374221 1608.275733 3.017215 
E -0.190673 162.134611 76.246565 0.297954 
W C 1044.8 115.4 1866.2 734.0 1620.3 1469.1 961.6 1258.8 520.6 841.1 244.0 1601.6 
W E -0.222 86.4 65.6 -2.710 66.7 145.9 -0.659 169.4 57.6 -0.287 120.9 58.7 0.046 90.4 76.0 0.350 165.5 80.1 
D C 753.6 172.2 303.5 850.2 -19.5 330.7 
F 1003.478503 1608.378035 3.011372 
E -0.199008 161.464668 74.606234 0.264714 
W C 1044.7 115.4 1866.1 734.1 1620.0 1469.2 961.7 1258.8 520.6 841.0 244.0 1601.6 
W E -0.222 86.4 65.6 -2.710 66.7 145.9 -0.659 169.3 57.6 -0.287 120.8 58.6 0.044 90.3 75.8 0.350 165.3 80.0 
D C 738.4 98.5 347.6 819.4 -20.3 325.7 
F 962.246828 1607.876241 -3.150268 
E -0.167000 160.751761 75.354329 0.276294 
W C 1044.7 115.4 1866.1 734.0 1619.9 1469.3 961.8 1258.8 520.8 841.0 243.8 1601.5 
W E -0.222 86.4 65.6 -2.710 66.7 145.9 -0.659 169.3 57.6 -0.287 120.7 58.6 0.043 90.2 75.7 0.350 165.2 79.8 
D C 717.3 27.0 393.3 776.9 -18.0 321.5 
F 922.333437 1603.191507 -3.033202 
E -0.136841 159.593915 76.123074 0.281059 
W C 1044.7 115.4 1866.0 734.0 1619.8 1469.3 961.9 1258.9 521.0 841.0 243.6 1601.3 
W E -0.222 86.4 65.6 -2.710 66.7 145.9 -0.659 169.2 57.6 -0.287 120.6 58.5 0.041 90.1 75.5 0.350 165.0 79.7 
D C 686.3 -48.0 429.1 732.3 -16.8 318.1 
F 883.559012 1596.210228 -2.926631 
E -0.107237 158.034149 76.963216 0.285192 
W C 1044.7 115.4 1866.1 733.9 1619.9 1469.1 961.7 1259.2 521.2 841.0 243.2 1601.1 
W E -0.222 86.4 65.6 -2.710 66.7 145.9 -0.659 169.2 57.6 -0.287 120.6 58.4 0.039 90.0 75.4 0.350 164.9 79.5 
D C 674.1 -78.4 446.2 710.7 -17.8 317.5 
F 843.104250 1584.000300 -2.866428 
E -0.078684 156.126704 77.812918 0.275086 
W C 1044.8 115.4 1866.1 733.9 1620.0 1469.0 961.6 1259.2 521.3 841.0 242.9 1601.0 
W E -0.222 86.4 65.6 -2.710 66.7 145.9 -0.659 169.1 57.6 -0.288 120.5 58.4 0.038 90.0 75.2 0.351 164.7 79.4 
D C 609.6 -186.5 504.6 627.4 -14.5 310.6 
F 842.623184 1580.067887 -2.845731 
E -0.085357 155.545616 75.449860 0.241177 
W C 1044.4 115.7 1866.1 733.6 1620.1 1468.8 962.0 1259.0 521.6 840.7 242.7 1600.7 
W E -0.219 86.2 65.5 -2.709 66.7 145.8 -0.659 169.0 57.6 -0.288 120.4 58.3 0.039 89.8 75.0 0.351 164.6 79.1 
D C 563.9 -251.5 530.6 579.1 277.6 1401.2 -14.4 307.3 
F 800.132856 1563.101010 -2.819670 
E -0.054774 153.568586 76.284794 0.250793 
W C 1044.5 115.7 1866.1 733.6 1620.1 1468.8 962.0 1259.0 521.7 840.7 242.4 1600.9 
W E -0.219 86.2 65.5 -2.709 66.7 145.8 -0.659 169.0 57.6 -0.288 120.3 58.2 0.037 89.8 74.9 0.351 164.4 78.9 
D C 514.5 -280.6 518.6 548.9 -35.7 302.6 
F 758.934590 1543.859707 -2.783531 
E -0.024889 151.675959 77.156919 0.255392 
W C 1044.6 115.7 1866.1 733.6 1620.1 1468.8 962.1 1258.9 521.6 840.6 242.2 1601.2 
W E -0.219 86.2 65.5 -2.709 66.7 145.8 -0.659 169.0 57.6 -0.289 120.3 58.1 0.037 89.7 74.7 0.351 164.3 78.8 
D C 462.0 -312.3 514.2 521.3 -55.7 302.8 
F 718.819625 1522.543239 -2.748373 
E 0.007306 150.053447 77.611738 0.252374 
W C 1044.0 115.9 1866.3 733.4 1620.3 1468.6 962.9 1258.9 521.7 840.2 241.8 1600.7 
W E -0.216 86.0 65.4 -2.709 66.7 145.8 -0.659 168.9 57.6 -0.289 120.2 58.1 0.038 89.6 74.5 0.351 164.2 78.5 
D C 438.5 -324.7 505.4 512.4 343.0 1356.1 
F 718.431244 1519.145962 -2.731197 
E 0.003671 149.750711 76.132166 0.234721 
W C 1044.2 115.9 1866.2 733.4 1620.1 1468.8 962.9 1258.8 521.8 840.0 241.5 1601.1 
W E -0.216 86.0 65.4 -2.709 66.7 145.8 -0.659 168.9 57.6 -0.289 120.2 58.0 0.038 89.5 74.4 0.351 164.1 78.3 
D C 383.7 -330.5 458.1 506.2 
F 677.925271 1497.769419 -2.710774 
E 0.037009 148.058365 76.632209 0.243070 
W C 1043.9 116.1 1866.3 733.2 1620.2 1468.6 963.3 1258.7 521.9 839.7 241.3 1600.9 
W E -0.213 85.8 65.3 -2.709 66.7 145.7 -0.659 168.8 57.5 -0.289 120.1 58.0 0.041 89.4 74.2 0.351 164.0 78.0 
D C 366.5 -329.6 439.9 510.8 282.2 1358.8 
F 638.368508 1476.480132 -2.696656 
E 0.069250 146.439237 77.104872 0.246238 
W C 1043.7 116.4 1866.4 733.0 1620.4 1468.4 963.6 1258.5 522.1 839.5 241.2 1600.9 
W E -0.210 85.7 65.2 -2.709 66.6 145.6 -0.658 168.7 57.5 -0.288 120.0 57.9 0.043 89.3 74.0 0.351 163.8 77.8 
D C 314.1 -329.4 389.6 509.6 234.2 1355.6 
F 598.511326 1455.712313 -2.687688 
E 0.099519 144.916605 78.140576 0.257424 
W C 1043.8 116.3 1866.4 732.9 1620.4 1468.3 963.7 1258.5 522.1 839.4 240.9 1601.1 
W E -0.210 85.7 65.2 -2.709 66.6 145.6 -0.658 168.6 57.5 -0.289 120.0 57.9 0.043 89.2 73.9 0.351 163.7 77.6 
D C 281.4 -334.0 358.1 509.2 
F 560.216414 1435.394641 -2.680559 
E 0.131870 143.383569 78.824075 0.254258 
W C 1043.6 116.5 1866.6 732.6 1620.9 1467.9 964.1 1258.5 522.0 839.2 240.5 1600.8 
W E -0.207 85.5 65.1 -2.709 66.6 145.6 -0.658 168.5 57.5 -0.289 120.0 57.9 0.045 89.1 73.7 0.351 163.6 77.3 
D C 264.3 -331.8 342.2 513.0 188.3 1362.5 
F 559.960173 1434.113560 -2.675427 
E 0.128908 142.862814 77.539234 0.236748 
W C 1043.7 116.5 1866.5 732.7 1620.7 1468.0 964.0 1258.4 522.2 839.1 240.3 1601.1 
W E -0.207 85.5 65.1 -2.709 66.6 145.5 -0.658 168.5 57.5 -0.289 119.9 57.9 0.046 89.1 73.6 0.351 163.5 77.2 
D C 211.3 -333.1 291.9 512.5 
F 519.510592 1412.883890 -2.671772 
E 0.159759 141.459733 78.838091 0.253245 
W C 1043.7 116.5 1866.4 732.9 1620.5 1468.2 963.8 1258.4 522.4 839.0 240.1 1601.3 
W E -0.207 85.5 65.1 -2.709 66.6 145.5 -0.658 168.5 57.5 -0.289 119.9 57.9 0.046 89.0 73.4 0.351 163.4 77.1 
D C 162.4 -332.1 238.8 514.0 
F 481.021411 1391.161914 -2.610386 
E 0.190644 140.044619 80.607292 0.270301 
W C 1043.7 116.4 1866.5 732.8 1620.6 1468.1 963.9 1258.3 522.6 839.0 239.3 1601.2 
W E -0.207 85.5 65.1 -2.709 66.6 145.5 -0.658 168.4 57.5 -0.289 119.9 57.8 0.046 88.9 73.3 0.351 163.3 77.0 
D C 143.5 -331.4 221.4 517.6 
F 444.552915 1369.638763 -2.557780 
E 0.225061 138.405400 82.101286 0.270334 
W C 1043.9 116.5 1866.6 732.4 1621.0 1467.5 964.3 1258.1 522.7 839.0 238.3 1601.3 
W E -0.204 85.3 65.1 -2.709 66.6 145.5 -0.658 168.3 57.5 -0.289 119.8 57.8 0.048 88.8 73.2 0.351 163.1 76.7 
D C 109.7 -338.3 205.5 510.3 87.2 1366.9 
F 444.255538 1369.274080 -2.561993 
E 0.226437 137.680451 80.546530 0.243029 
W C 1043.7 116.8 1866.6 732.2 1621.1 1467.4 964.4 1258.0 523.0 838.8 238.1 1601.2 
W E -0.201 85.1 65.0 -2.709 66.6 145.4 -0.658 168.2 57.5 -0.289 119.8 57.8 0.049 88.7 73.0 0.351 163.0 76.5 
D C 51.7 -354.2 204.8 495.6 152.2 1344.3 
F 409.879753 1341.858338 -2.480250 
E 0.264684 136.043789 82.161594 0.259061 
W C 1043.6 116.9 1866.7 732.0 1621.3 1467.2 964.6 1257.8 523.3 838.7 237.4 1601.2 
W E -0.198 84.9 64.9 -2.709 66.6 145.4 -0.658 168.2 57.5 -0.289 119.7 57.7 0.051 88.6 72.9 0.351 162.8 76.3 
D C -2.0 -366.8 201.7 479.7 201.0 1334.0 
F 377.344278 1310.695881 -2.395809 
E 0.304829 134.233516 84.096326 0.268892 
W C 1043.5 117.1 1866.7 731.9 1621.4 1467.0 964.7 1257.6 523.7 838.6 236.7 1601.1 
W E -0.195 84.8 64.9 -2.709 66.6 145.3 -0.658 168.1 57.5 -0.289 119.7 57.7 0.052 88.4 72.7 0.351 162.7 76.1 
D C -89.3 -367.3 193.6 452.6 287.5 1303.5 
F 348.528826 1279.444602 -2.324879 
E 0.340558 132.365386 87.010710 0.287343 
W C 1043.5 117.0 1866.8 731.9 1621.5 1466.8 964.9 1257.6 524.0 838.4 235.2 1601.1 
W E -0.195 84.7 64.9 -2.709 66.6 145.3 -0.658 168.1 57.5 -0.289 119.7 57.7 0.051 88.4 72.6 0.352 162.5 76.0 
D C -114.9 -367.4 192.3 445.6 
F 348.106502 1279.573115 -2.327503 
E 0.346716 132.011722 86.454057 0.275140 
W C 1043.4 116.9 1866.8 731.9 1621.4 1466.9 964.8 1257.6 524.1 838.5 235.1 1601.1 
W E -0.196 84.7 64.9 -2.709 66.6 145.3 -0.658 168.1 57.5 -0.289 119.7 57.7 0.050 88.3 72.5 0.351 162.5 76.0 
D C 188.6 433.5 
F 321.299342 1242.919006 -2.183037 
E 0.395515 130.306338 89.547870 0.303754 
W C 1043.3 116.9 1866.9 732.0 1621.3 1466.9 964.8 1257.5 524.2 838.6 235.2 1601.0 
W E -0.196 84.7 64.9 -2.709 66.5 145.2 -0.658 168.1 57.5 -0.289 119.7 57.7 0.049 88.3 72.4 0.351 162.5 75.9 
D C 180.2 421.1 -535.6 1553.0 
F 300.064279 1203.834147 -2.031738 
E 0.443037 128.178518 92.679992 0.323171 
W C 1043.1 116.9 1866.9 732.2 1621.2 1467.0 964.7 1257.4 524.3 838.8 235.4 1600.9 
W E -0.196 84.7 64.9 -2.710 66.4 145.1 -0.658 168.0 57.5 -0.289 119.7 57.7 0.047 88.2 72.3 0.350 162.4 75.9 
D C 191.5 396.3 -394.3 1589.8 
F 283.168839 1166.064369 -1.919692 
E 0.481711 125.649282 95.387199 0.325873 
W C 1043.0 116.8 1866.9 732.4 1621.2 1467.0 964.7 1257.3 524.3 838.9 235.6 1600.9 
W E -0.196 84.7 64.9 -2.711 66.3 145.1 -0.658 168.0 57.5 -0.289 119.6 57.7 0.045 88.1 72.2 0.350 162.3 75.8 
D C 195.4 385.9 -341.6 1607.4 
F 270.731767 1126.770323 -1.835425 
E 0.511268 122.866250 97.803496 0.318369 
W C 1042.9 116.8 1866.9 732.4 1621.2 1467.0 964.8 1257.3 524.3 839.0 235.7 1600.9 
W E -0.196 84.7 64.8 -2.712 66.2 145.0 -0.658 168.0 57.5 -0.289 119.6 57.7 0.043 88.0 72.1 0.349 162.3 75.8 
D C 197.8 352.4 -152.7 1641.1 
F 270.319958 1126.776873 -1.838263 
E 0.522301 122.490340 97.191485 0.303357 
W C 1042.9 116.8 1866.9 732.4 1621.2 1467.0 964.7 1257.3 524.4 839.1 235.7 1600.8 
W E -0.196 84.7 64.8 -2.712 66.2 145.0 -0.658 168.0 57.5 -0.289 119.6 57.7 0.041 88.0 72.0 0.349 162.3 75.7 
D C 201.8 323.6 
F 260.965407 1082.183928 -1.818620 
E 0.551616 119.463548 99.856084 0.300949 
W C 1042.9 116.8 1866.8 732.4 1621.1 1467.1 964.7 1257.3 524.5 839.0 235.5 1600.8 
W E -0.195 84.7 64.8 -2.713 66.1 144.9 -0.658 168.0 57.5 -0.289 119.6 57.7 0.038 87.9 71.8 0.349 162.2 75.7 
D C 186.7 307.7 73.9 1631.5 
F 253.714616 1038.015006 -1.793025 
E 0.575484 116.628649 102.560160 0.299548 
W C 1043.0 116.8 1866.7 732.4 1621.0 1467.2 964.6 1257.3 524.7 838.9 235.3 1600.8 
W E -0.195 84.7 64.8 -2.714 66.0 144.9 -0.658 168.0 57.5 -0.289 119.6 57.7 0.035 87.8 71.7 0.348 162.1 75.6 
D C 156.7 300.3 108.7 1625.6 
F 250.324831 993.052148 -1.702394 
E 0.609870 113.750347 103.302994 0.286859 
W C 1042.7 116.9 1866.9 732.3 1621.0 1467.2 964.5 1257.4 524.9 838.6 235.3 1600.9 
W E -0.194 84.4 64.8 -2.715 65.9 144.8 -0.658 168.0 57.5 -0.289 119.6 57.6 0.032 87.6 71.4 0.347 162.0 75.4 
D C 777.9 870.3 142.8 297.7 130.5 1647.7 
F 247.662434 948.650251 -1.621968 
E 0.618078 110.786858 103.775370 0.283493 
W C 1042.6 117.0 1867.0 732.1 1621.1 1467.1 964.6 1257.3 524.9 838.5 235.4 1600.8 
W E -0.192 84.2 64.7 -2.715 65.8 144.7 -0.658 167.9 57.5 -0.289 119.6 57.6 0.029 87.4 71.2 0.346 161.9 75.2 
D C 744.5 853.8 91.7 296.6 109.0 1630.4 
F 247.995613 946.959105 -1.623637 
E 0.636682 110.266446 101.724195 0.264820 
W C 1042.2 117.1 1867.1 732.0 1621.1 1467.0 964.7 1257.1 525.3 838.8 235.2 1600.2 
W E -0.190 84.0 64.7 -2.715 65.8 144.6 -0.658 167.9 57.5 -0.289 119.5 57.6 0.027 87.2 70.9 0.345 161.8 75.1 
D C 769.1 794.2 75.3 286.5 
F 251.003690 900.609035 -1.527742 
E 0.552746 107.340387 102.912397 0.287552 
W C 1042.0 117.2 1867.2 732.0 1621.2 1466.9 964.8 1257.0 525.6 839.1 235.0 1599.7 
W E -0.188 83.8 64.6 -2.715 65.8 144.6 -0.658 167.8 57.5 -0.288 119.5 57.6 0.026 87.1 70.7 0.344 161.7 74.9 
D C 796.1 731.6 59.8 275.2 
F 257.786953 854.771573 -1.437613 
E -0.002395 105.549174 102.794777 0.301605 
W C 1041.8 117.3 1867.2 731.8 1621.2 1466.8 964.9 1256.9 525.8 839.3 234.9 1599.4 
W E -0.186 83.6 64.5 -2.715 65.8 144.6 -0.658 167.8 57.5 -0.288 119.5 57.6 0.026 87.0 70.4 0.343 161.6 74.8 
D C 798.9 673.2 39.8 269.8 
F 267.186272 811.695834 -1.355663 
E -0.315369 105.257335 100.296933 0.295401 
W C 1041.8 117.4 1867.3 731.7 1621.1 1466.7 965.0 1256.9 525.9 839.2 235.1 1599.5 
W E -0.183 83.5 64.5 -2.715 65.8 144.5 -0.658 167.8 57.4 -0.288 119.5 57.6 0.026 86.9 70.0 0.342 161.6 74.7 
D C 806.7 646.7 27.1 268.4 -373.5 1413.0 
F 269.110523 808.990887 -1.354057 
E -0.008518 102.470085 99.203174 0.265008 
W C 1041.7 117.4 1867.3 731.5 1621.1 1466.6 965.0 1256.7 526.2 839.9 234.8 1598.7 
W E -0.181 83.3 64.4 -2.716 65.7 144.4 -0.658 167.7 57.4 -0.288 119.5 57.6 0.027 86.8 69.8 0.341 161.5 74.5 
D C 816.6 568.6 474.0 1516.4 -0.2 265.4 
F 284.729063 764.315343 -1.260836 
E -0.310521 103.183506 96.959544 0.291508 
W C 1042.0 117.3 1867.4 731.4 1621.0 1466.5 965.0 1256.6 526.0 840.8 234.4 1598.1 
W E -0.182 83.2 64.4 -2.716 65.5 144.4 -0.658 167.7 57.4 -0.288 119.4 57.6 0.029 86.8 69.5 0.341 161.5 74.5 
D C 572.4 1473.6 -29.0 267.1 
F 302.563110 723.599787 -1.170030 
E -0.379399 103.152920 94.803915 0.292574 
W C 1041.9 117.4 1867.4 731.3 1621.1 1466.4 965.1 1256.6 526.1 840.6 234.5 1598.1 
W E -0.180 83.0 64.4 -2.717 65.4 144.3 -0.658 167.7 57.4 -0.288 119.4 57.6 0.030 86.7 69.4 0.341 161.4 74.4 
D C 817.8 457.5 599.2 1437.2 
F 323.716037 683.635046 -1.081851 
E -0.409123 103.163055 92.769883 0.293619 
W C 1041.8 117.5 1867.4 731.2 1621.2 1466.3 965.1 1256.5 526.2 840.5 234.6 1598.1 
W E -0.179 82.8 64.3 -2.717 65.3 144.2 -0.658 167.7 57.4 -0.288 119.4 57.5 0.032 86.6 69.4 0.341 161.4 74.4 
D C 813.0 394.5 662.2 1391.8 
F 346.399890 646.847291 -1.001266 
E -0.421968 102.996231 90.963074 0.291773 
W C 1041.8 117.6 1867.4 731.1 1621.3 1466.3 965.2 1256.5 526.2 840.3 234.7 1598.2 
W E -0.178 82.6 64.3 -2.718 65.2 144.2 -0.658 167.6 57.4 -0.288 119.4 57.5 0.033 86.6 69.3 0.341 161.4 74.3 
D C 801.2 338.3 710.7 1352.0 
F 348.344413 646.633733 -0.995229 
E -0.495697 100.763562 90.275592 0.254589 
W C 1041.7 117.8 1867.4 731.0 1621.3 1466.0 965.3 1256.4 526.5 840.3 234.8 1598.0 
W E -0.178 82.4 64.2 -2.718 65.1 144.1 -0.658 167.6 57.3 -0.288 119.4 57.5 0.034 86.5 69.3 0.341 161.4 74.3 
D C 783.6 281.0 764.5 1295.6 35.1 1477.0 
F 378.365332 611.533405 -0.897746 
E -0.518154 100.669223 87.961708 0.261329 
W C 1041.6 118.0 1867.4 730.9 1621.2 1465.7 965.4 1256.4 526.7 840.3 234.9 1598.0 
W E -0.178 82.3 64.1 -2.718 65.0 144.0 -0.658 167.6 57.2 -0.287 119.4 57.5 0.035 86.4 69.2 0.341 161.4 74.2 
D C 764.5 209.6 833.2 1216.3 116.1 1466.2 
F 409.114759 578.589927 -0.817739 
E -0.524605 100.476387 85.417472 0.256623 
W C 1041.7 118.1 1867.4 730.7 1621.2 1465.5 965.3 1256.3 527.0 840.5 235.1 1598.1 
W E -0.178 82.1 64.1 -2.719 64.9 143.9 -0.658 167.5 57.1 -0.287 119.3 57.5 0.035 86.3 69.1 0.340 161.4 74.2 
D C 750.4 188.6 850.1 1201.2 138.7 1465.5 -131.7 814.5 
F 441.720802 548.422597 -0.741516 
E -0.520956 100.190880 82.970214 0.253477 
W C 1041.8 118.3 1867.5 730.6 1621.1 1465.3 965.2 1256.1 527.1 840.6 235.3 1598.3 
W E -0.179 81.9 64.0 -2.719 64.8 143.9 -0.658 167.5 57.0 -0.287 119.3 57.4 0.035 86.3 69.1 0.340 161.4 74.2 
D C 727.1 133.6 899.2 1132.4 210.0 1454.1 -106.8 819.3 
F 443.229955 548.800712 -0.737583 
E -0.559253 98.812445 81.833186 0.225050 
W C 1041.7 118.5 1867.6 730.4 1621.2 1465.1 965.2 1255.8 527.3 840.8 235.4 1598.3 
W E -0.179 81.7 63.9 -2.719 64.6 143.8 -0.658 167.4 56.9 -0.287 119.3 57.3 0.035 86.2 69.0 0.340 161.3 74.1 
D C 698.3 82.3 944.5 1076.4 270.3 1433.5 -82.0 825.8 
F 479.800114 522.495220 -0.646427 
E -0.543373 98.590859 79.362061 0.239926 
W C 1041.8 118.7 1867.7 730.3 1621.2 1464.8 965.1 1255.6 527.5 840.9 235.6 1598.3 
W E -0.180 81.6 63.8 -2.719 64.5 143.7 -0.658 167.4 56.8 -0.287 119.2 57.3 0.035 86.2 68.9 0.340 161.3 74.1 
D C 666.6 37.4 967.4 1005.2 325.5 1413.6 -64.3 828.6 
F 518.677885 499.282821 -0.556121 
E -0.524552 98.257543 77.118185 0.246175 
W C 1041.8 118.9 1867.8 730.1 1621.2 1464.5 965.1 1255.4 527.7 841.0 235.8 1598.4 
W E -0.180 81.4 63.8 -2.719 64.4 143.7 -0.658 167.3 56.7 -0.287 119.2 57.2 0.035 86.1 68.9 0.340 161.3 74.1 
D C 622.5 -24.4 1014.1 914.9 411.7 1376.0 -33.9 834.3 
F 557.714905 478.568907 -0.480282 
E -0.506012 97.809874 75.113229 0.248039 
W C 1042.0 119.0 1867.8 729.9 1621.3 1464.3 965.1 1255.1 527.7 841.2 236.0 1598.5 
W E -0.182 81.2 63.7 -2.720 64.3 143.6 -0.658 167.3 56.6 -0.286 119.1 57.1 0.035 86.1 68.8 0.340 161.3 74.0 
D C 604.6 -51.6 1023.5 862.5 449.3 1363.5 -13.3 827.0 
F 596.783155 460.708592 -0.409405 
E -0.490531 97.276099 73.346649 0.247677 
W C 1042.2 119.2 1867.8 729.6 1621.3 1464.0 965.1 1254.9 527.6 841.3 236.2 1598.8 
W E -0.183 81.1 63.6 -2.720 64.2 143.5 -0.657 167.2 56.5 -0.286 119.1 57.1 0.036 86.0 68.7 0.340 161.3 74.0 
D C 568.7 -89.3 1040.7 798.1 498.2 1330.7 -0.6 831.2 
F 597.673923 461.345905 -0.405795 
E -0.511256 96.180105 72.005753 0.220470 
W C 1042.3 119.4 1867.8 729.5 1621.4 1463.8 965.1 1254.6 527.7 841.5 236.4 1598.8 
W E -0.185 80.9 63.5 -2.720 64.1 143.4 -0.657 167.1 56.4 -0.286 119.1 57.0 0.036 86.0 68.7 0.340 161.3 74.0 
D C 527.9 -130.1 1061.6 724.8 555.9 1288.5 29.9 827.4 
F 640.101128 447.491333 -0.339703 
E -0.493709 95.629219 70.341328 0.232212 
W C 1042.5 119.7 1867.9 729.2 1621.5 1463.5 965.2 1254.4 527.7 841.6 236.6 1598.9 
W E -0.186 80.7 63.4 -2.720 64.0 143.3 -0.657 167.1 56.3 -0.286 119.0 56.9 0.036 86.0 68.6 0.340 161.2 73.9 
D C 489.8 -161.4 1074.0 658.4 599.7 1250.5 49.9 822.7 
F 684.131746 435.654333 -0.316940 
E -0.481569 95.001794 69.004857 0.233936 
W C 1042.6 119.8 1867.9 729.1 1621.5 1463.3 965.2 1254.2 527.7 841.6 236.7 1599.0 
W E -0.189 80.6 63.2 -2.719 63.8 143.2 -0.657 167.0 56.2 -0.285 119.0 56.9 0.036 85.9 68.6 0.340 161.2 73.9 
D C 424.9 -203.8 1063.6 573.7 634.1 1206.3 54.5 815.3 
F 726.836603 424.291586 -0.299081 
E -0.475700 94.386828 67.960575 0.234294 
W C 1042.8 120.0 1867.9 728.8 1621.7 1463.0 965.3 1254.0 527.6 841.7 236.9 1599.2 
W E -0.191 80.4 63.1 -2.719 63.7 143.2 -0.657 167.0 56.2 -0.285 119.0 56.8 0.037 85.9 68.6 0.340 161.2 73.9 
D C 408.4 -202.0 1043.3 583.6 616.2 1207.9 36.9 814.5 
F 727.577656 425.490227 -0.292032 
E -0.489310 93.382142 66.545478 0.211165 
W C 1042.9 120.2 1867.9 728.6 1621.7 1462.8 965.3 1253.8 527.6 841.8 237.1 1599.3 
W E -0.194 80.2 63.0 -2.719 63.6 143.1 -0.656 166.9 56.1 -0.285 118.9 56.7 0.037 85.9 68.5 0.340 161.2 73.9 
D C 380.0 -201.3 1007.7 584.2 584.3 1208.8 4.4 815.2 
F 770.909643 413.686730 -0.286689 
E -0.471600 93.429604 66.534731 0.232063 
W C 1043.2 120.4 1867.9 728.5 1621.8 1462.5 965.3 1253.6 527.7 841.9 237.2 1599.4 
W E -0.196 80.2 63.0 -2.719 63.5 143.0 -0.656 166.9 56.0 -0.285 118.9 56.7 0.037 85.9 68.5 0.340 161.2 73.9 
D C 962.2 581.7 529.8 1207.7 -43.5 821.1 
F 813.236286 402.115756 -0.279702 
E -0.477583 92.763982 66.064769 0.232590 
W C 1043.5 120.6 1867.8 728.1 1621.9 1462.2 965.4 1253.4 527.5 842.0 237.4 1599.5 
W E -0.201 80.0 62.8 -2.719 63.4 142.9 -0.656 166.8 55.9 -0.284 118.9 56.6 0.037 85.8 68.4 0.340 161.1 73.8 
D C 314.8 -199.0 943.1 578.1 513.7 1211.2 -58.9 823.9 
F 855.602893 390.383035 -0.278979 
E -0.491505 92.075195 65.877298 0.232575 
W C 1043.9 120.9 1867.7 727.8 1622.0 1461.9 965.4 1253.2 527.4 842.1 237.6 1599.7 
W E -0.206 79.8 62.7 -2.719 63.2 142.8 -0.656 166.8 55.8 -0.284 118.8 56.5 0.038 85.8 68.4 0.339 161.1 73.8 
D C 265.7 -198.0 891.4 580.9 465.3 1208.9 -108.0 828.4 
F 898.923965 379.547128 -0.268070 
E -0.483828 92.201344 67.384200 0.244318 
W C 1043.9 121.0 1867.8 727.7 1622.1 1461.8 965.5 1253.0 527.4 842.1 237.8 1599.8 
W E -0.208 79.7 62.6 -2.719 63.2 142.8 -0.656 166.7 55.7 -0.284 118.8 56.5 0.037 85.8 68.4 0.339 161.1 73.8 
D C 869.8 582.1 451.0 1216.1 -123.8 830.4 
F 899.421390 379.879555 -0.268315 
E -0.480188 91.787094 66.444045 0.224819 
W C 1044.1 121.1 1867.7 727.6 1622.0 1461.6 965.5 1252.9 527.4 842.2 237.8 1599.9 
W E -0.210 79.7 62.6 -2.719 63.1 142.8 -0.655 166.7 55.6 -0.284 118.8 56.4 0.037 85.8 68.4 0.339 161.1 73.8 
D C 819.7 578.2 395.0 1211.1 -171.4 832.0 
F 943.800177 370.579754 -0.199046 
E -0.468865 92.105929 68.310193 0.247481 
W C 1044.1 121.1 1867.6 727.8 1621.9 1461.6 965.5 1252.8 527.5 842.3 237.8 1599.9 
W E -0.212 79.6 62.6 -2.719 63.0 142.7 -0.655 166.7 55.6 -0.284 118.8 56.4 0.037 85.8 68.4 0.339 161.1 73.8 
D C 786.8 577.0 369.8 1208.9 -199.2 836.0 
F 987.100253 363.867752 -0.130165 
E -0.460808 92.360451 70.612078 0.259297 
W C 1044.0 121.0 1867.6 728.0 1621.9 1461.6 965.5 1252.7 527.5 842.4 237.9 1599.9 
W E -0.214 79.6 62.6 -2.719 62.9 142.7 -0.655 166.7 55.5 -0.284 118.8 56.3 0.037 85.8 68.3 0.339 161.1 73.8 
D C 791.9 547.7 397.6 1194.2 -178.9 841.8 
F 1031.542555 360.127432 -0.057885 
E -0.460364 92.589031 73.337871 0.266432 
W C 1043.9 121.0 1867.7 728.2 1621.8 1461.7 965.5 1252.6 527.5 842.5 238.0 1600.0 
W E -0.216 79.5 62.5 -2.719 62.9 142.6 -0.655 166.7 55.4 -0.284 118.7 56.3 0.037 85.8 68.3 0.339 161.1 73.8 
D C 800.5 487.3 456.3 1164.3 -151.4 853.1 
F 1031.557697 359.666174 -0.063546 
E -0.458199 92.267359 72.022622 0.240692 
W C 1043.9 121.0 1867.6 728.2 1621.8 1461.6 965.5 1252.5 527.5 842.6 238.0 1600.1 
W E -0.217 79.5 62.5 -2.720 62.8 142.6 -0.655 166.6 55.4 -0.284 118.7 56.2 0.037 85.8 68.3 0.339 161.1 73.8 
D C 792.5 440.1 486.3 1136.8 -131.6 864.4 
F 1076.756446 361.671552 0.027707 
E -0.464281 92.426408 74.797552 0.257094 
W C 1044.0 121.1 1867.6 728.3 1621.8 1461.5 965.6 1252.4 527.6 842.6 238.1 1600.1 
W E -0.219 79.4 62.5 -2.720 62.7 142.6 -0.655 166.6 55.3 -0.283 118.7 56.2 0.037 85.8 68.3 0.339 161.1 73.8 
D C 783.9 354.0 551.8 1073.5 -89.2 871.4 
F 1121.041912 365.690974 0.083069 
E -0.495511 92.504542 77.645830 0.260262 
W C 1044.0 121.1 1867.6 728.4 1621.8 1461.5 965.6 1252.3 527.6 842.7 238.1 1600.1 
W E -0.220 79.4 62.5 -2.720 62.7 142.5 -0.655 166.6 55.2 -0.283 118.7 56.2 0.037 85.8 68.3 0.339 161.1 73.8 
D C 773.2 321.0 577.4 1051.0 -73.1 872.3 
F 1165.346498 371.990085 0.099679 
E -0.559581 92.704541 80.518857 0.258922 
W C 1043.9 121.1 1867.6 728.5 1621.8 1461.5 965.7 1252.3 527.5 842.7 238.1 1600.2 
W E -0.221 79.4 62.5 -2.720 62.6 142.5 -0.655 166.6 55.2 -0.283 118.7 56.1 0.037 85.8 68.3 0.339 161.0 73.8 
D C 760.3 264.8 611.3 1007.6 -49.1 875.8 
F 1209.128012 378.544214 0.115607 
E -0.668856 93.214240 83.181958 0.257575 
W C 1043.7 121.0 1867.7 728.5 1621.8 1461.5 965.8 1252.2 527.5 842.7 238.2 1600.2 
W E -0.223 79.3 62.4 -2.720 62.5 142.4 -0.655 166.6 55.1 -0.283 118.7 56.1 0.037 85.8 68.3 0.339 161.0 73.8 
D C 717.7 259.9 567.3 1010.5 -90.0 879.8 
F 1209.014810 379.461770 0.121129 
E -0.632581 92.670098 81.935368 0.234180 
W C 1043.7 121.0 1867.6 728.6 1621.8 1461.5 965.8 1252.2 527.5 842.7 238.2 1600.2 
W E -0.224 79.3 62.4 -2.721 62.5 142.4 -0.655 166.5 55.1 -0.283 118.7 56.0 0.037 85.8 68.3 0.339 161.0 73.8 
D C 700.2 258.4 553.8 1008.0 -106.8 882.8 
F 1253.317684 385.339367 0.123724 
E -0.777211 93.504244 84.349269 0.244862 
W C 1043.7 121.1 1867.6 728.6 1621.8 1461.5 965.9 1252.1 527.5 842.7 238.2 1600.2 
W E -0.225 79.3 62.4 -2.721 62.4 142.3 -0.654 166.5 55.0 -0.283 118.6 56.0 0.037 85.8 68.2 0.339 161.0 73.8 
D C 647.3 264.1 502.1 1014.8 -159.5 883.0 
F 1297.260142 391.734792 0.129395 
E -2.538791 86.265528 95.058284 0.250576 
W C 1043.6 121.0 1867.6 728.7 1621.8 1461.5 965.9 1252.1 527.5 842.7 238.2 1600.2 
W E -0.226 79.2 62.4 -2.721 62.4 142.3 -0.654 166.5 55.0 -0.283 118.6 56.0 0.037 85.8 68.2 0.339 161.0 73.8 
D C 631.6 262.2 485.8 1013.0 -177.4 888.3 
F 1340.951802 398.346193 0.138398 
E -2.719012 87.503463 97.422238 0.253425 
W C 1043.4 121.0 1867.7 728.9 1621.8 1461.6 966.0 1252.0 527.4 842.6 238.3 1600.2 
W E -0.227 79.2 62.4 -2.721 62.3 142.2 -0.654 166.5 54.9 -0.283 118.6 55.9 0.037 85.7 68.2 0.339 161.0 73.7 
D C 597.3 265.3 449.4 1015.8 -211.3 886.6 
F 1341.174950 397.938259 0.134808 
E -2.676743 86.818108 96.435115 0.231376 
W C 1043.5 121.0 1867.6 728.9 1621.8 1461.5 966.1 1252.0 527.4 842.7 238.3 1600.2 
W E -0.228 79.2 62.4 -2.721 62.2 142.2 -0.654 166.5 54.9 -0.283 118.6 55.9 0.037 85.7 68.2 0.339 161.0 73.7 
D C 549.5 266.6 401.0 1013.9 -258.8 889.9 
F 1385.934476 404.152604 0.135581 
E -2.821256 87.716341 99.310765 0.244359 
W C 1043.4 121.0 1867.6 729.0 1621.8 1461.6 966.1 1252.0 527.4 842.6 238.3 1600.2 
W E -0.229 79.1 62.3 -2.722 62.2 142.1 -0.654 166.4 54.8 -0.283 118.6 55.9 0.037 85.7 68.2 0.339 161.0 73.7 
D C 534.7 265.6 387.7 1016.7 -272.4 895.5 
F 1429.676118 409.831264 0.134504 
E -2.910649 88.249149 102.784742 0.257195 
W C 1043.3 120.9 1867.6 729.1 1621.8 1461.5 966.2 1252.0 527.4 842.6 238.3 1600.2 
W E -0.230 79.1 62.3 -2.722 62.1 142.1 -0.654 166.4 54.8 -0.283 118.6 55.9 0.037 85.7 68.2 0.339 161.0 73.7 
D C 487.4 268.7 335.3 1017.6 
F 1473.740051 415.984241 0.138232 
E -2.969172 88.641414 106.618248 0.265198 
W C 1043.3 120.9 1867.7 729.1 1621.8 1461.5 966.2 1252.0 527.4 842.6 238.3 1600.3 
W E -0.230 79.1 62.3 -2.722 62.1 142.0 -0.654 166.4 54.7 -0.283 118.6 55.9 0.037 85.7 68.2 0.338 161.0 73.7 
D C 455.4 265.9 303.6 1014.8 
F 1473.680649 415.625876 0.136640 
E -2.954930 88.218456 105.546226 0.245555 
W C 1043.2 120.9 1867.7 729.2 1621.9 1461.5 966.2 1252.0 527.4 842.6 238.3 1600.3 
W E -0.231 79.1 62.3 -2.723 62.0 142.0 -0.654 166.4 54.7 -0.283 118.6 55.8 0.037 85.7 68.2 0.338 161.0 73.7 
D C 436.2 267.4 290.6 1016.7 
F 1518.277700 421.175376 0.133612 
E -2.999268 88.563650 109.496244 0.259177 
W C 1043.2 120.9 1867.7 729.2 1621.9 1461.5 966.2 1252.0 527.4 842.6 238.3 1600.3 
W E -0.232 79.0 62.3 -2.723 62.0 141.9 -0.654 166.3 54.6 -0.283 118.6 55.8 0.037 85.7 68.2 0.338 161.0 73.7 
D C 389.4 271.1 237.9 1018.8 
F 1562.202759 427.154929 0.134406 
E -3.031813 88.836385 113.659138 0.267001 
W C 1043.1 120.9 1867.8 729.3 1621.9 1461.5 966.2 1252.0 527.4 842.6 238.4 1600.3 
W E -0.233 79.0 62.3 -2.723 61.9 141.9 -0.654 166.3 54.6 -0.283 118.6 55.8 0.037 85.7 68.2 0.338 161.0 73.7 
D C 372.0 272.8 218.6 1021.1 
F 1606.094985 433.307177 0.139177 
E -3.056710 89.036192 118.005642 0.271701 
W C 1043.0 120.9 1867.9 729.3 1621.9 1461.5 966.2 1252.0 527.3 842.6 238.4 1600.3 
W E -0.233 79.0 62.3 -2.724 61.8 141.8 -0.654 166.3 54.6 -0.283 118.6 55.8 0.037 85.7 68.2 0.338 161.0 73.7 
D C 327.8 272.8 173.6 1023.7 
F 1647.620176 440.068893 0.146196 
E -3.076096 89.109828 122.298728 0.273213 
W C 1042.7 120.8 1868.2 729.3 1621.9 1461.6 966.2 1252.0 527.3 842.7 238.4 1600.3 
W E -0.234 79.0 62.3 -2.724 61.8 141.8 -0.654 166.3 54.5 -0.283 118.6 55.8 0.037 85.7 68.2 0.338 161.0 73.7 
D C 311.1 273.8 154.6 1026.0 
F 1653.655712 440.463228 0.147158 
E -3.077811 88.687863 121.944322 0.253189 
W C 1042.7 120.8 1868.3 729.3 1621.9 1461.6 966.2 1252.0 527.3 842.7 238.4 1600.4 
W E -0.234 79.0 62.3 -2.725 61.7 141.7 -0.653 166.2 54.5 -0.283 118.6 55.8 0.037 85.7 68.2 0.338 161.0 73.7 
D C 275.0 275.4 119.7 1028.7 
F 1654.074003 439.147384 0.139900 
E -3.075323 88.309242 121.053907 0.238505 
W C 1042.7 120.8 1868.1 729.3 1622.0 1461.6 966.2 1251.9 527.3 842.6 238.4 1600.3 
W E -0.235 78.9 62.3 -2.725 61.6 141.7 -0.653 166.2 54.4 -0.283 118.6 55.8 0.037 85.7 68.2 0.338 161.0 73.7 
D C 236.5 272.9 87.6 1026.0 
F 1654.351417 438.265781 0.135192 
E -3.071712 87.954799 120.360594 0.227519 
W C 1042.7 120.8 1868.0 729.4 1622.0 1461.5 966.2 1251.9 527.3 842.6 238.4 1600.3 
W E -0.235 78.9 62.3 -2.726 61.6 141.6 -0.653 166.2 54.4 -0.283 118.6 55.8 0.037 85.7 68.2 0.338 161.0 73.7 
D C 238.9 274.0 90.6 1024.0 
F 1654.555759 437.600671 0.131731 
E -3.067491 87.618850 119.792758 0.218934 
W C 1042.7 120.8 1867.9 729.5 1622.1 1461.5 966.3 1251.9 527.3 842.6 238.4 1600.3 
W E -0.236 78.9 62.3 -2.726 61.5 141.6 -0.653 166.2 54.4 -0.283 118.6 55.8 0.037 85.7 68.2 0.338 161.0 73.7 
D C 240.1 275.4 90.5 1022.8 
F 1654.741907 437.130704 0.129152 
E -3.062947 87.297967 119.311266 0.212008 
W C 1042.8 120.8 1867.8 729.5 1622.2 1461.5 966.3 1251.9 527.3 842.6 238.4 1600.3 
W E -0.236 78.9 62.3 -2.726 61.5 141.5 -0.653 166.1 54.3 -0.283 118.5 55.8 0.037 85.7 68.2 0.338 161.0 73.7 
D C 239.5 274.7 90.1 1019.0 
F 1654.896699 436.720702 0.127106 
E -3.058252 86.989882 118.892788 0.206280 
W C 1042.8 120.8 1867.7 729.6 1622.2 1461.5 966.3 1251.9 527.3 842.6 238.4 1600.3 
W E -0.237 78.9 62.3 -2.727 61.4 141.5 -0.653 166.1 54.3 -0.283 118.5 55.8 0.037 85.7 68.2 0.338 161.0 73.7 
D C 238.7 273.7 90.6 1024.2 
F 1655.030487 436.381302 0.125469 
E -3.053512 86.693063 118.522272 0.201448 
W C 1042.8 120.8 1867.7 729.6 1622.3 1461.5 966.3 1251.9 527.3 842.6 238.4 1600.3 
W E -0.237 78.8 62.2 -2.727 61.4 141.4 -0.653 166.1 54.3 -0.283 118.5 55.8 0.037 85.7 68.2 0.338 161.0 73.7 
D C 238.7 273.7 90.6 1024.6 
F 1655.142332 436.094075 0.124132 
E -3.048794 86.406383 118.189571 0.197304 
W C 1042.8 120.8 1867.6 729.7 1622.3 1461.4 966.3 1251.9 527.3 842.6 238.4 1600.3 
W E -0.238 78.8 62.2 -2.727 61.3 141.4 -0.653 166.1 54.2 -0.283 118.5 55.8 0.037 85.7 68.2 0.338 161.0 73.7 
D C 239.2 274.3 90.6 1024.1 
