PA 500 0 0.785 500 0 0.785 500 0 0.785 500 0 0.785 500 0 0.785 500 0 0.785 500 0 0.785 500 0 0.785 500 0 0.785 500 0 0.785 500 0 0.785 500 0 0.785 500 0 0.785 500 0 0.785 500 0 0.785 500 0 0.785 500 0 0.785 500 0 0.785 500 0 0.785 500 0 0.785 500 0 0.785 500 0 0.785 500 0 0.785 500 0 0.785 500 0 0.785 500 0 0.785 500 0 0.785 500 0 0.785 500 0 0.785 500 0 0.785 500 0 0.785 500 0 0.785 500 0 0.785 500 0 0.785 500 0 0.785 500 0 0.785 500 0 0.785 500 0 0.785 500 0 0.785 500 0 0.785 500 0 0.785 500 0 0.785 500 0 0.785 500 0 0.785 500 0 0.785 500 0 0.785 500 0 0.785 500 0 0.785 500 0 0.785 500 0 0.785 500 0 0.785 500 0 0.785 500 0 0.785 500 0 0.785 500 0 0.785 500 0 0.785 500 0 0.785 500 0 0.785 500 0 0.785 500 0 0.785 500 0 0.785 500 0 0.785 500 0 0.785 500 0 0.785 500 0 0.785 500 0 0.785 500 0 0.785 500 0 0.785 500 0 0.785 500 0 0.785 
F 521 21 0.785 
PA 500 0 0.785 500 0 0.785 500 0 0.785 500 0 0.785 500 0 0.785 500 0 0.785 500 0 0.785 500 0 0.785 500 0 0.785 500 0 0.785 500 0 0.785 500 0 0.785 500 0 0.785 500 0 0.785 500 0 0.785 500 0 0.785 500 0 0.785 500 0 0.785 500 0 0.785 500 0 0.785 500 0 0.785 500 0 0.785 500 0 0.785 500 0 0.785 500 0 0.785 500 0 0.785 500 0 0.785 500 0 0.785 500 0 0.785 500 0 0.785 500 0 0.785 500 0 0.785 500 0 0.785 500 0 0.785 500 0 0.785 500 0 0.785 500 0 0.785 500 0 0.785 500 0 0.785 500 0 0.785 500 0 0.785 500 0 0.785 500 0 0.785 500 0 0.785 500 0 0.785 500 0 0.785 500 0 0.785 500 0 0.785 500 0 0.785 500 0 0.785 500 0 0.785 500 0 0.785 500 0 0.785 500 0 0.785 500 0 0.785 500 0 0.785 500 0 0.785 500 0 0.785 500 0 0.785 500 0 0.785 500 0 0.785 500 0 0.785 500 0 0.785 500 0 0.785 500 0 0.785 500 0 0.785 500 0 0.785 500 0 0.785 500 0 0.785 500 0 0.785 
F 521 21 0.785 
PA 500 0 0.785 500 0 0.785 500 0 0.785 500 0 0.785 500 0 0.785 500 0 0.785 500 0 0.785 500 0 0.785 500 0 0.785 500 0 0.785 500 0 0.785 500 0 0.785 500 0 0.785 500 0 0.785 500 0 0.785 500 0 0.785 500 0 0.785 500 0 0.785 500 0 0.785 500 0 0.785 500 0 0.785 500 0 0.785 500 0 0.785 500 0 0.785 500 0 0.785 500 0 0.785 500 0 0.785 500 0 0.785 500 0 0.785 500 0 0.785 500 0 0.785 500 0 0.785 500 0 0.785 500 0 0.785 500 0 0.785 500 0 0.785 500 0 0.785 500 0 0.785 500 0 0.785 500 0 0.785 500 0 0.785 500 0 0.785 500 0 0.785 500 0 0.785 500 0 0.785 500 0 0.785 500 0 0.785 500 0 0.785 500 0 0.785 500 0 0.785 500 0 0.785 500 0 0.785 500 0 0.785 500 0 0.785 500 0 0.785 500 0 0.785 500 0 0.785 500 0 0.785 500 0 0.785 500 0 0.785 500 0 0.785 500 0 0.785 500 0 0.785 500 0 0.785 500 0 0.785 500 0 0.785 500 0 0.785 500 0 0.785 500 0 0.785 500 0 0.785 
F 521 21 0.785 
PA 500 0 0.785 500 0 0.785 500 0 0.785 500 0 0.785 500 0 0.785 500 0 0.785 500 0 0.785 500 0 0.785 500 0 0.785 500 0 0.785 500 0 0.785 500 0 0.785 500 0 0.785 500 0 0.785 500 0 0.785 500 0 0.785 500 0 0.785 500 0 0.785 500 0 0.785 500 0 0.785 500 0 0.785 500 0 0.785 500 0 0.785 500 0 0.785 500 0 0.785 500 0 0.785 500 0 0.785 500 0 0.785 500 0 0.785 500 0 0.785 500 0 0.785 500 0 0.785 500 0 0.785 500 0 0.785 500 0 0.785 500 0 0.785 500 0 0.785 500 0 0.785 500 0 0.785 500 0 0.785 500 0 0.785 500 0 0.785 500 0 0.785 500 0 0.785 500 0 0.785 500 0 0.785 500 0 0.785 500 0 0.785 500 0 0.785 500 0 0.785 500 0 0.785 500 0 0.785 500 0 0.785 500 0 0.785 500 0 0.785 500 0 0.785 500 0 0.785 500 0 0.785 500 0 0.785 500 0 0.785 500 0 0.785 500 0 0.785 500 0 0.785 500 0 0.785 500 0 0.785 500 0 0.785 500 0 0.785 500 0 0.785 500 0 0.785 500 0 0.785 
F 521 21 0.785 
PA 500 0 0.785 500 0 0.785 500 0 0.785 500 0 0.785 500 0 0.785 500 0 0.785 500 0 0.785 500 0 0.785 500 0 0.785 500 0 0.785 500 0 0.785 500 0 0.785 500 0 0.785 500 0 0.785 500 0 0.785 500 0 0.785 500 0 0.785 500 0 0.785 500 0 0.785 500 0 0.785 500 0 0.785 500 0 0.785 500 0 0.785 500 0 0.785 500 0 0.785 500 0 0.785 500 0 0.785 500 0 0.785 500 0 0.785 500 0 0.785 500 0 0.785 500 0 0.785 500 0 0.785 500 0 0.785 500 0 0.785 500 0 0.785 500 0 0.785 500 0 0.785 500 0 0.785 500 0 0.785 500 0 0.785 500 0 0.785 500 0 0.785 500 0 0.785 500 0 0.785 500 0 0.785 500 0 0.785 500 0 0.785 500 0 0.785 500 0 0.785 500 0 0.785 500 0 0.785 500 0 0.785 500 0 0.785 500 0 0.785 500 0 0.785 500 0 0.785 500 0 0.785 500 0 0.785 500 0 0.785 500 0 0.785 500 0 0.785 500 0 0.785 500 0 0.785 500 0 0.785 500 0 0.785 500 0 0.785 500 0 0.785 500 0 0.785 500 0 0.785 
F 521 21 0.785 
PA 500 0 0.785 500 0 0.785 500 0 0.785 500 0 0.785 500 0 0.785 500 0 0.785 500 0 0.785 500 0 0.785 500 0 0.785 500 0 0.785 500 0 0.785 500 0 0.785 500 0 0.785 500 0 0.785 500 0 0.785 500 0 0.785 500 0 0.785 500 0 0.785 500 0 0.785 500 0 0.785 500 0 0.785 500 0 0.785 500 0 0.785 500 0 0.785 500 0 0.785 500 0 0.785 500 0 0.785 500 0 0.785 500 0 0.785 500 0 0.785 500 0 0.785 500 0 0.785 500 0 0.785 500 0 0.785 500 0 0.785 500 0 0.785 500 0 0.785 500 0 0.785 500 0 0.785 500 0 0.785 500 0 0.785 500 0 0.785 500 0 0.785 500 0 0.785 500 0 0.785 500 0 0.785 500 0 0.785 500 0 0.785 500 0 0.785 500 0 0.785 500 0 0.785 500 0 0.785 500 0 0.785 500 0 0.785 500 0 0.785 500 0 0.785 500 0 0.785 500 0 0.785 500 0 0.785 500 0 0.785 500 0 0.785 500 0 0.785 500 0 0.785 500 0 0.785 500 0 0.785 500 0 0.785 500 0 0.785 500 0 0.785 500 0 0.785 500 0 0.785 
F 521 21 0.785 
PA 500 0 0.785 500 0 0.785 500 0 0.785 500 0 0.785 500 0 0.785 500 0 0.785 500 0 0.785 500 0 0.785 500 0 0.785 500 0 0.785 500 0 0.785 500 0 0.785 500 0 0.785 500 0 0.785 500 0 0.785 500 0 0.785 500 0 0.785 500 0 0.785 500 0 0.785 500 0 0.785 500 0 0.785 500 0 0.785 500 0 0.785 500 0 0.785 500 0 0.785 500 0 0.785 500 0 0.785 500 0 0.785 500 0 0.785 500 0 0.785 500 0 0.785 500 0 0.785 500 0 0.785 500 0 0.785 500 0 0.785 500 0 0.785 500 0 0.785 500 0 0.785 500 0 0.785 500 0 0.785 500 0 0.785 500 0 0.785 500 0 0.785 500 0 0.785 500 0 0.785 500 0 0.785 500 0 0.785 500 0 0.785 500 0 0.785 500 0 0.785 500 0 0.785 500 0 0.785 500 0 0.785 500 0 0.785 500 0 0.785 500 0 0.785 500 0 0.785 500 0 0.785 500 0 0.785 500 0 0.785 500 0 0.785 500 0 0.785 500 0 0.785 500 0 0.785 500 0 0.785 500 0 0.785 500 0 0.785 500 0 0.785 500 0 0.785 500 0 0.785 
F 521 21 0.785 
PA 500 0 0.785 500 0 0.785 500 0 0.785 500 0 0.785 500 0 0.785 500 0 0.785 500 0 0.785 500 0 0.785 500 0 0.785 500 0 0.785 500 0 0.785 500 0 0.785 500 0 0.785 500 0 0.785 500 0 0.785 500 0 0.785 500 0 0.785 500 0 0.785 500 0 0.785 500 0 0.785 500 0 0.785 500 0 0.785 500 0 0.785 500 0 0.785 500 0 0.785 500 0 0.785 500 0 0.785 500 0 0.785 500 0 0.785 500 0 0.785 500 0 0.785 500 0 0.785 500 0 0.785 500 0 0.785 500 0 0.785 500 0 0.785 500 0 0.785 500 0 0.785 500 0 0.785 500 0 0.785 500 0 0.785 500 0 0.785 500 0 0.785 500 0 0.785 500 0 0.785 500 0 0.785 500 0 0.785 500 0 0.785 500 0 0.785 500 0 0.785 500 0 0.785 500 0 0.785 500 0 0.785 500 0 0.785 500 0 0.785 500 0 0.785 500 0 0.785 500 0 0.785 500 0 0.785 500 0 0.785 500 0 0.785 500 0 0.785 500 0 0.785 500 0 0.785 500 0 0.785 500 0 0.785 500 0 0.785 500 0 0.785 500 0 0.785 500 0 0.785 
F 521 21 0.785 
PA 500 0 0.785 500 0 0.785 500 0 0.785 500 0 0.785 500 0 0.785 500 0 0.785 500 0 0.785 500 0 0.785 500 0 0.785 500 0 0.785 500 0 0.785 500 0 0.785 500 0 0.785 500 0 0.785 500 0 0.785 500 0 0.785 500 0 0.785 500 0 0.785 500 0 0.785 500 0 0.785 500 0 0.785 500 0 0.785 500 0 0.785 500 0 0.785 500 0 0.785 500 0 0.785 500 0 0.785 500 0 0.785 500 0 0.785 500 0 0.785 500 0 0.785 500 0 0.785 500 0 0.785 500 0 0.785 500 0 0.785 500 0 0.785 500 0 0.785 500 0 0.785 500 0 0.785 500 0 0.785 500 0 0.785 500 0 0.785 500 0 0.785 500 0 0.785 500 0 0.785 500 0 0.785 500 0 0.785 500 0 0.785 500 0 0.785 500 0 0.785 500 0 0.785 500 0 0.785 500 0 0.785 500 0 0.785 500 0 0.785 500 0 0.785 500 0 0.785 500 0 0.785 500 0 0.785 500 0 0.785 500 0 0.785 500 0 0.785 500 0 0.785 500 0 0.785 500 0 0.785 500 0 0.785 500 0 0.785 500 0 0.785 500 0 0.785 500 0 0.785 
F 521 21 0.785 
PA 500 0 0.785 500 0 0.785 500 0 0.785 500 0 0.785 500 0 0.785 500 0 0.785 500 0 0.785 500 0 0.785 500 0 0.785 500 0 0.785 500 0 0.785 500 0 0.785 500 0 0.785 500 0 0.785 500 0 0.785 500 0 0.785 500 0 0.785 500 0 0.785 500 0 0.785 500 0 0.785 500 0 0.785 500 0 0.785 500 0 0.785 500 0 0.785 500 0 0.785 500 0 0.785 500 0 0.785 500 0 0.785 500 0 0.785 500 0 0.785 500 0 0.785 500 0 0.785 500 0 0.785 500 0 0.785 500 0 0.785 500 0 0.785 500 0 0.785 500 0 0.785 500 0 0.785 500 0 0.785 500 0 0.785 500 0 0.785 500 0 0.785 500 0 0.785 500 0 0.785 500 0 0.785 500 0 0.785 500 0 0.785 500 0 0.785 500 0 0.785 500 0 0.785 500 0 0.785 500 0 0.785 500 0 0.785 500 0 0.785 500 0 0.785 500 0 0.785 500 0 0.785 500 0 0.785 500 0 0.785 500 0 0.785 500 0 0.785 500 0 0.785 500 0 0.785 500 0 0.785 500 0 0.785 500 0 0.785 500 0 0.785 500 0 0.785 500 0 0.785 
F 521 21 0.785 
PA 500 0 0.785 500 0 0.785 500 0 0.785 500 0 0.785 500 0 0.785 500 0 0.785 500 0 0.785 500 0 0.785 500 0 0.785 500 0 0.785 500 0 0.785 500 0 0.785 500 0 0.785 500 0 0.785 500 0 0.785 500 0 0.785 500 0 0.785 500 0 0.785 500 0 0.785 500 0 0.785 500 0 0.785 500 0 0.785 500 0 0.785 500 0 0.785 500 0 0.785 500 0 0.785 500 0 0.785 500 0 0.785 500 0 0.785 500 0 0.785 500 0 0.785 500 0 0.785 500 0 0.785 500 0 0.785 500 0 0.785 500 0 0.785 500 0 0.785 500 0 0.785 500 0 0.785 500 0 0.785 500 0 0.785 500 0 0.785 500 0 0.785 500 0 0.785 500 0 0.785 500 0 0.785 500 0 0.785 500 0 0.785 500 0 0.785 500 0 0.785 500 0 0.785 500 0 0.785 500 0 0.785 500 0 0.785 500 0 0.785 500 0 0.785 500 0 0.785 500 0 0.785 500 0 0.785 500 0 0.785 500 0 0.785 500 0 0.785 500 0 0.785 500 0 0.785 500 0 0.785 500 0 0.785 500 0 0.785 500 0 0.785 500 0 0.785 500 0 0.785 
F 521 21 0.785 
PA 500 0 0.785 500 0 0.785 500 0 0.785 500 0 0.785 500 0 0.785 500 0 0.785 500 0 0.785 500 0 0.785 500 0 0.785 500 0 0.785 500 0 0.785 500 0 0.785 500 0 0.785 500 0 0.785 500 0 0.785 500 0 0.785 500 0 0.785 500 0 0.785 500 0 0.785 500 0 0.785 500 0 0.785 500 0 0.785 500 0 0.785 500 0 0.785 500 0 0.785 500 0 0.785 500 0 0.785 500 0 0.785 500 0 0.785 500 0 0.785 500 0 0.785 500 0 0.785 500 0 0.785 500 0 0.785 500 0 0.785 500 0 0.785 500 0 0.785 500 0 0.785 500 0 0.785 500 0 0.785 500 0 0.785 500 0 0.785 500 0 0.785 500 0 0.785 500 0 0.785 500 0 0.785 500 0 0.785 500 0 0.785 500 0 0.785 500 0 0.785 500 0 0.785 500 0 0.785 500 0 0.785 500 0 0.785 500 0 0.785 500 0 0.785 500 0 0.785 500 0 0.785 500 0 0.785 500 0 0.785 500 0 0.785 500 0 0.785 500 0 0.785 500 0 0.785 500 0 0.785 500 0 0.785 500 0 0.785 500 0 0.785 500 0 0.785 500 0 0.785 
F 521 21 0.785 
PA 500 0 0.785 500 0 0.785 500 0 0.785 500 0 0.785 500 0 0.785 500 0 0.785 500 0 0.785 500 0 0.785 500 0 0.785 500 0 0.785 500 0 0.785 500 0 0.785 500 0 0.785 500 0 0.785 500 0 0.785 500 0 0.785 500 0 0.785 500 0 0.785 500 0 0.785 500 0 0.785 500 0 0.785 500 0 0.785 500 0 0.785 500 0 0.785 500 0 0.785 500 0 0.785 500 0 0.785 500 0 0.785 500 0 0.785 500 0 0.785 500 0 0.785 500 0 0.785 500 0 0.785 500 0 0.785 500 0 0.785 500 0 0.785 500 0 0.785 500 0 0.785 500 0 0.785 500 0 0.785 500 0 0.785 500 0 0.785 500 0 0.785 500 0 0.785 500 0 0.785 500 0 0.785 500 0 0.785 500 0 0.785 500 0 0.785 500 0 0.785 500 0 0.785 500 0 0.785 500 0 0.785 500 0 0.785 500 0 0.785 500 0 0.785 500 0 0.785 500 0 0.785 500 0 0.785 500 0 0.785 500 0 0.785 500 0 0.785 500 0 0.785 500 0 0.785 500 0 0.785 500 0 0.785 500 0 0.785 500 0 0.785 500 0 0.785 500 0 0.785 
F 521 21 0.785 
PA 514 15 0.844 514 15 0.844 524 24 0.765 522 23 0.855 522 23 0.855 514 14 0.781 517 17 0.778 517 17 0.778 517 17 0.778 512 11 0.699 515 15 0.780 516 16 0.790 516 17 0.850 517 18 0.868 521 22 0.813 527 26 0.727 527 26 0.727 520 20 0.791 520 20 0.791 512 12 0.769 525 23 0.707 515 18 0.964 520 19 0.728 511 13 0.891 511 13 0.891 515 15 0.797 514 13 0.773 523 24 0.816 523 22 0.727 521 21 0.752 518 15 0.620 514 14 0.794 513 13 0.783 517 18 0.859 509 9 0.736 523 23 0.806 512 13 0.865 512 13 0.819 523 22 0.742 514 14 0.769 524 24 0.764 517 18 0.834 519 21 0.891 512 11 0.691 518 17 0.766 514 15 0.844 514 15 0.844 514 15 0.844 511 11 0.804 522 23 0.855 514 14 0.781 514 14 0.781 514 14 0.781 516 15 0.730 517 17 0.778 517 17 0.778 515 15 0.780 516 17 0.850 516 17 0.850 517 18 0.868 521 22 0.813 521 22 0.813 520 20 0.791 512 12 0.769 512 12 0.769 525 23 0.707 520 19 0.728 518 16 0.672 511 11 0.811 515 15 0.797 
F 538 39 0.793 
PA 544 39 0.632 554 49 0.655 547 52 0.833 547 52 0.833 556 60 0.850 540 41 0.814 540 41 0.814 557 56 0.871 530 27 0.608 540 42 0.819 559 60 0.842 545 44 0.771 542 43 0.825 553 49 0.656 556 61 0.804 556 61 0.804 561 57 0.751 543 42 0.879 554 54 0.761 546 48 0.852 546 48 0.852 545 52 0.717 539 35 0.675 541 44 0.911 563 63 0.727 568 61 0.704 552 49 0.688 552 49 0.688 542 39 0.761 524 29 0.950 539 41 0.792 559 51 0.606 552 52 0.819 540 45 0.933 553 55 0.860 553 55 0.860 530 31 0.776 545 43 0.739 544 39 0.632 554 49 0.655 556 52 0.680 547 52 0.833 548 57 0.910 556 60 0.850 546 47 0.775 540 41 0.814 543 46 0.887 552 38 0.477 540 42 0.819 531 31 0.667 559 60 0.842 554 60 0.959 542 43 0.825 535 30 0.662 553 49 0.656 559 67 0.882 556 61 0.804 561 57 0.751 561 57 0.751 554 54 0.761 554 54 0.761 546 48 0.852 545 52 0.717 547 53 0.804 547 53 0.804 563 63 0.727 549 49 0.776 549 49 0.776 549 49 0.776 543 51 0.942 
F 570 70 0.779 
PA 580 83 0.894 594 103 0.928 575 74 0.795 562 63 0.772 600 104 0.727 580 85 0.835 583 84 0.885 583 84 0.885 562 58 0.897 583 77 0.932 552 65 0.866 552 65 0.866 576 76 0.757 595 102 0.834 563 66 0.872 580 71 0.728 580 71 0.728 580 71 0.728 576 71 0.898 570 82 0.772 569 75 0.912 569 75 0.912 586 92 0.912 578 62 0.638 589 98 0.870 588 83 0.826 603 102 0.805 595 97 0.852 580 87 0.861 577 80 0.653 589 75 0.695 578 86 0.879 580 83 0.894 580 83 0.894 575 74 0.795 572 65 0.764 576 80 0.710 580 85 0.835 566 69 0.680 562 58 0.897 585 77 0.738 552 65 0.866 582 71 0.872 576 76 0.757 595 102 0.834 563 66 0.872 563 66 0.872 563 66 0.872 580 71 0.728 570 82 0.772 596 61 0.491 569 75 0.912 579 83 0.834 591 85 0.776 591 85 0.776 603 102 0.805 603 102 0.805 595 97 0.852 580 87 0.861 595 98 0.936 572 73 0.813 572 73 0.813 589 75 0.695 607 94 0.762 572 71 0.717 580 83 0.894 579 87 0.930 594 103 0.928 594 103 0.928 562 63 0.772 
F 600 102 0.819 
PA 613 102 0.773 601 112 0.774 611 117 0.801 611 117 0.801 614 115 1.061 622 127 0.736 631 114 0.578 604 100 0.733 592 93 0.801 612 121 0.821 616 129 0.806 616 129 0.806 610 112 0.870 608 116 0.826 608 112 0.794 578 94 0.844 598 110 0.908 612 99 0.708 614 111 0.701 593 101 0.726 612 114 0.992 622 122 0.694 610 118 0.757 613 94 0.642 601 91 0.712 613 120 0.805 611 111 0.997 613 115 0.861 613 115 0.861 599 106 0.797 613 102 0.773 602 117 0.895 611 117 0.801 623 117 0.764 602 114 0.902 622 127 0.736 606 107 0.778 606 107 0.778 604 100 0.733 592 93 0.801 616 129 0.806 608 103 0.642 641 146 0.875 608 116 0.826 608 112 0.794 622 132 0.874 578 94 0.844 609 104 0.651 625 111 0.735 609 118 0.739 609 118 0.739 612 114 0.992 612 114 0.992 639 140 0.802 639 140 0.802 639 140 0.802 610 118 0.757 613 119 0.636 618 138 1.036 595 90 0.511 613 120 0.805 605 106 0.857 605 106 0.857 605 106 0.857 613 115 0.861 613 115 0.861 600 104 0.729 613 102 0.773 602 117 0.895 611 117 0.801 
F 631 135 0.801 
PA 608 112 0.794 598 110 0.908 598 110 0.908 614 111 0.701 593 101 0.726 601 91 0.712 613 120 0.805 613 115 0.861 599 106 0.797 613 102 0.773 611 117 0.801 623 117 0.764 602 114 0.902 606 107 0.778 604 100 0.733 616 129 0.806 608 116 0.826 622 132 0.874 625 111 0.735 609 118 0.739 639 140 0.802 610 118 0.757 613 120 0.805 605 106 0.857 613 115 0.861 613 115 0.861 602 117 0.895 602 117 0.895 611 117 0.801 613 102 0.773 611 117 0.801 611 117 0.801 604 100 0.733 592 93 0.801 592 93 0.801 616 129 0.806 608 116 0.826 608 112 0.794 578 94 0.844 598 110 0.908 612 99 0.708 614 111 0.701 593 101 0.726 622 122 0.694 613 120 0.805 613 115 0.861 599 106 0.797 613 102 0.773 613 102 0.773 611 117 0.801 611 117 0.801 623 117 0.764 623 117 0.764 602 114 0.902 622 127 0.736 606 107 0.778 592 93 0.801 616 129 0.806 641 146 0.875 608 112 0.794 622 132 0.874 609 118 0.739 639 140 0.802 639 140 0.802 639 140 0.802 613 120 0.805 605 106 0.857 605 106 0.857 605 106 0.857 605 106 0.857 
F 631 135 0.804 
PA 625 131 0.645 669 169 0.725 644 154 0.846 645 153 0.905 638 149 0.911 657 146 0.805 642 151 0.858 627 128 0.781 627 128 0.781 655 165 0.691 625 130 0.799 612 136 0.927 625 142 0.838 625 142 0.838 646 138 0.702 632 140 0.845 650 164 0.938 629 135 0.750 645 154 0.852 656 153 0.903 616 126 1.076 643 149 0.709 643 149 0.709 663 168 0.953 643 160 1.023 628 132 0.799 628 132 0.799 633 137 0.802 647 142 0.838 641 146 0.664 632 141 0.835 650 147 0.517 638 128 0.648 648 159 0.709 638 153 0.942 638 153 0.942 635 139 0.662 640 143 0.774 624 146 0.919 638 149 0.911 657 146 0.805 640 147 0.802 640 147 0.802 642 151 0.858 627 128 0.781 614 116 0.799 641 153 0.856 625 130 0.799 612 136 0.927 625 142 0.838 625 142 0.838 646 126 0.667 646 138 0.702 650 148 0.775 650 164 0.938 644 156 0.975 653 150 0.983 639 143 0.670 656 153 0.903 616 126 1.076 665 181 1.049 635 137 0.666 663 168 0.953 675 180 0.882 628 132 0.799 633 137 0.802 626 150 1.037 647 142 0.838 640 139 0.630 645 131 0.762 
F 660 167 0.825 
PA 694 182 0.717 658 158 0.731 667 185 0.887 675 187 0.787 655 157 0.831 666 174 0.934 634 167 0.982 646 164 0.829 659 167 0.860 678 180 0.890 678 180 0.890 640 170 1.048 669 200 0.994 654 155 0.631 675 179 0.765 698 174 0.493 663 184 0.852 670 192 0.853 670 192 0.853 662 162 0.712 662 162 0.712 662 162 0.712 662 192 0.861 661 167 0.739 669 181 0.922 663 163 0.749 675 188 0.750 652 155 0.700 652 155 0.700 652 155 0.700 665 189 0.889 673 164 0.838 673 164 0.838 667 190 0.972 682 183 0.819 705 225 0.908 707 219 0.869 686 177 0.587 658 158 0.731 699 194 0.687 666 186 1.061 684 175 0.850 675 187 0.787 655 157 0.831 655 162 0.869 655 162 0.869 655 162 0.869 652 173 0.910 646 164 0.829 670 158 0.703 674 194 0.848 659 167 0.860 685 204 0.948 685 204 0.948 685 204 0.948 640 170 1.048 693 211 0.967 649 156 0.889 675 179 0.765 675 173 0.810 662 182 1.023 663 184 0.852 670 192 0.853 662 162 0.712 666 186 0.961 661 167 0.739 669 181 0.922 663 163 0.749 633 135 0.775 652 155 0.700 
F 687 198 0.830 
PA 709 233 0.756 693 193 0.848 695 195 0.618 695 213 0.852 726 229 0.611 677 173 0.554 698 190 0.776 738 257 0.921 738 214 0.658 715 213 0.907 695 207 0.780 681 186 0.817 681 186 0.817 689 204 0.890 666 192 0.895 695 180 0.728 701 229 0.990 680 223 0.816 680 223 0.816 706 203 0.747 697 198 0.889 682 208 0.883 682 208 0.883 699 195 0.686 675 174 0.721 686 186 0.797 734 218 0.770 680 190 0.973 695 215 0.994 667 190 0.898 712 218 0.804 672 218 0.925 693 236 0.952 689 216 0.951 705 230 0.798 693 193 0.848 689 197 1.136 695 195 0.618 695 213 0.852 701 194 0.613 726 229 0.611 698 190 0.776 738 257 0.921 738 214 0.658 715 213 0.907 681 186 0.817 681 186 0.817 680 194 0.934 689 204 0.890 666 192 0.895 671 193 0.856 695 180 0.728 714 245 0.948 680 223 0.816 680 223 0.816 718 249 1.004 678 187 0.794 695 198 0.714 698 221 0.792 682 208 0.883 675 174 0.721 675 174 0.721 686 186 0.797 686 186 0.797 734 218 0.770 734 218 0.770 734 218 0.770 706 224 0.673 695 215 0.994 696 203 0.708 
F 717 228 0.815 
PA 723 251 0.835 708 241 0.883 708 241 0.883 741 268 0.801 733 219 0.514 734 216 0.561 777 252 0.900 720 225 0.754 699 219 0.898 699 219 0.898 753 299 0.947 707 252 0.847 728 231 0.882 728 231 0.882 707 207 0.875 710 209 0.830 707 206 0.659 746 253 0.622 746 253 0.622 722 216 0.709 739 256 0.692 727 226 0.761 706 213 0.826 706 213 0.826 704 232 0.740 699 242 0.738 691 234 0.753 700 227 0.781 710 203 0.668 696 211 0.913 696 211 0.913 708 241 0.883 721 239 1.234 734 256 0.822 734 256 0.822 777 252 0.900 720 225 0.754 694 216 0.739 694 216 0.739 707 252 0.847 728 231 0.882 728 231 0.882 707 207 0.875 720 218 0.705 772 254 0.723 772 254 0.723 778 262 0.774 778 262 0.774 746 253 0.622 722 216 0.709 739 256 0.692 727 226 0.761 706 213 0.826 719 227 0.833 716 236 0.824 704 232 0.740 704 232 0.740 699 242 0.738 691 234 0.753 691 234 0.753 693 223 1.021 722 215 0.766 722 215 0.766 710 203 0.668 710 212 0.855 723 251 0.835 723 251 0.835 708 241 0.883 741 268 0.801 741 268 0.801 
F 742 256 0.796 
PA 699 242 0.738 691 234 0.753 722 215 0.766 722 215 0.766 710 203 0.668 710 212 0.855 723 251 0.835 723 251 0.835 741 268 0.801 741 268 0.801 708 241 0.883 777 252 0.900 699 219 0.898 707 252 0.847 728 231 0.882 728 231 0.882 707 207 0.875 707 206 0.659 707 206 0.659 746 253 0.622 746 253 0.622 739 256 0.692 706 213 0.826 706 213 0.826 706 213 0.826 706 213 0.826 699 242 0.738 699 242 0.738 691 234 0.753 700 227 0.781 696 211 0.913 696 211 0.913 734 256 0.822 777 252 0.900 694 216 0.739 694 216 0.739 728 231 0.882 772 254 0.723 778 262 0.774 722 216 0.709 739 256 0.692 727 226 0.761 727 226 0.761 719 227 0.833 704 232 0.740 704 232 0.740 704 232 0.740 699 242 0.738 691 234 0.753 691 234 0.753 722 215 0.766 722 215 0.766 710 203 0.668 710 212 0.855 723 251 0.835 723 251 0.835 741 268 0.801 741 268 0.801 708 241 0.883 708 241 0.883 741 268 0.801 720 225 0.754 707 252 0.847 728 231 0.882 707 207 0.875 707 206 0.659 722 216 0.709 727 226 0.761 706 213 0.826 704 232 0.740 
F 739 254 0.788 
PA 755 243 0.660 731 246 1.004 749 283 0.647 750 245 0.850 750 245 0.850 743 230 0.712 789 316 0.790 810 293 0.891 736 285 0.822 764 283 1.053 742 255 1.181 755 241 0.611 779 280 0.730 767 280 0.732 720 228 0.833 728 241 0.986 728 270 0.787 717 253 0.498 726 250 0.892 726 250 0.892 715 243 1.105 768 293 0.850 744 266 0.832 719 238 0.718 805 281 0.620 809 291 0.736 758 272 0.709 758 272 0.709 747 246 0.849 730 268 0.667 720 260 0.713 729 268 0.685 768 254 0.659 768 254 0.659 768 254 0.659 744 232 0.752 737 244 0.850 747 279 0.857 744 275 0.825 726 264 0.916 739 271 0.618 761 288 0.829 761 288 0.829 745 252 0.880 759 265 0.766 734 251 1.155 755 243 0.660 731 246 1.004 749 283 0.647 750 245 0.850 750 245 0.850 743 230 0.712 789 316 0.790 810 293 0.891 736 285 0.822 737 245 0.923 755 241 0.611 789 286 0.688 720 228 0.833 720 228 0.833 723 233 0.882 728 270 0.787 734 257 0.681 726 250 0.892 807 292 0.954 744 266 0.832 719 238 0.718 805 281 0.620 753 239 0.569 747 246 0.849 
F 771 282 0.796 
PA 778 269 0.941 834 324 0.911 825 315 0.650 758 272 0.862 771 281 0.685 757 283 0.764 782 314 0.964 802 272 0.613 757 286 1.018 774 271 0.809 779 261 0.692 764 325 1.111 803 280 0.759 799 309 0.757 755 262 0.705 760 283 0.671 760 283 0.671 762 289 0.778 762 289 0.778 781 298 0.590 849 326 0.693 756 288 0.620 768 298 0.653 785 269 0.760 785 263 0.549 785 263 0.549 765 276 0.880 765 276 0.880 766 298 0.801 796 324 0.747 773 282 0.780 773 282 0.780 794 271 0.586 783 278 0.718 778 269 0.941 834 324 0.911 825 315 0.650 747 255 0.729 758 272 0.862 758 272 0.862 771 281 0.685 771 281 0.685 763 299 0.609 757 283 0.764 746 266 0.898 773 271 0.682 800 280 0.704 757 286 1.018 774 271 0.809 779 261 0.692 779 261 0.692 779 261 0.692 788 324 1.025 816 313 0.708 799 309 0.757 755 262 0.705 760 283 0.671 762 289 0.778 751 280 1.113 788 294 0.572 769 274 0.939 758 293 0.711 785 269 0.760 785 269 0.760 765 276 0.880 768 305 0.921 766 298 0.801 782 314 0.916 792 297 0.801 758 283 0.900 
F 799 307 0.776 
PA 757 283 0.764 757 283 0.764 802 272 0.613 774 271 0.809 774 271 0.809 799 309 0.757 755 262 0.705 760 283 0.671 762 289 0.778 762 289 0.778 762 289 0.778 756 288 0.620 756 288 0.620 785 269 0.760 785 263 0.549 785 263 0.549 765 276 0.880 766 298 0.801 773 282 0.780 794 271 0.586 794 271 0.586 778 269 0.941 778 269 0.941 747 255 0.729 758 272 0.862 771 281 0.685 757 283 0.764 800 280 0.704 774 271 0.809 779 261 0.692 779 261 0.692 779 261 0.692 799 309 0.757 762 289 0.778 769 274 0.939 758 293 0.711 758 293 0.711 758 293 0.711 758 293 0.711 785 269 0.760 768 305 0.921 768 305 0.921 782 314 0.916 782 314 0.916 758 283 0.900 825 315 0.650 758 272 0.862 757 283 0.764 774 271 0.809 779 261 0.692 799 309 0.757 755 262 0.705 755 262 0.705 762 289 0.778 762 289 0.778 762 289 0.778 762 289 0.778 756 288 0.620 756 288 0.620 785 269 0.760 785 263 0.549 765 276 0.880 766 298 0.801 773 282 0.780 773 282 0.780 778 269 0.941 825 315 0.650 758 272 0.862 771 281 0.685 771 281 0.685 
F 794 302 0.754 
PA 813 299 0.879 792 305 0.731 803 315 0.877 823 288 0.469 809 316 1.044 809 316 1.044 785 302 0.847 798 319 0.653 814 304 0.589 803 282 0.748 803 282 0.748 783 307 0.624 795 323 0.648 780 314 0.801 780 314 0.801 798 331 0.810 792 348 1.199 803 336 0.719 808 354 1.093 783 307 0.634 783 307 0.634 777 292 0.791 777 292 0.791 788 314 0.782 788 314 0.782 803 300 0.755 796 281 1.045 835 339 0.653 797 304 0.866 774 300 0.666 774 300 0.666 790 314 0.668 798 318 0.597 791 315 0.699 786 311 0.697 786 311 0.697 811 297 0.871 822 291 0.730 822 291 0.730 785 299 0.810 807 312 0.663 804 300 0.816 868 348 0.671 786 303 0.835 784 317 1.023 773 297 0.660 773 297 0.660 830 293 0.682 804 300 0.753 808 302 0.673 802 312 0.540 774 304 0.941 791 317 0.739 791 317 0.739 799 318 0.616 813 299 0.879 823 283 0.423 803 315 0.877 823 298 0.899 823 298 0.899 823 288 0.469 788 297 0.856 788 297 0.856 799 308 0.869 798 319 0.653 814 304 0.589 815 287 0.572 803 282 0.748 803 282 0.748 844 346 0.597 
F 822 328 0.754 
PA 898 373 0.677 802 321 0.708 802 319 0.649 802 319 0.649 878 332 0.681 878 332 0.681 849 339 0.663 849 339 0.798 807 343 0.822 824 345 0.704 863 299 0.321 852 332 0.842 861 347 0.945 830 335 0.638 811 323 0.844 835 356 0.927 848 309 0.598 834 314 0.831 837 312 0.696 850 338 0.731 850 338 0.731 808 317 0.615 832 358 1.079 807 325 0.787 827 348 0.933 845 321 0.404 847 319 0.669 831 347 0.778 837 354 0.600 814 346 0.713 807 342 0.829 828 382 0.775 828 382 0.775 828 382 0.775 814 335 0.811 801 321 0.688 827 329 0.470 809 333 0.712 841 332 0.646 875 375 0.779 799 319 0.650 799 319 0.650 813 335 0.835 802 327 0.879 838 326 0.795 838 326 0.795 836 307 0.980 836 307 0.980 836 307 0.980 864 342 1.044 844 343 0.725 844 343 0.725 814 329 0.660 802 321 0.708 878 332 0.681 849 339 0.663 841 333 0.443 807 343 0.822 827 351 0.772 824 345 0.704 823 333 0.487 863 299 0.321 831 351 0.949 852 332 0.842 854 303 0.424 830 335 0.638 811 323 0.844 818 328 0.815 859 333 0.535 834 314 0.831 
F 856 354 0.731 
PA 876 358 0.790 832 354 0.968 841 350 0.686 826 338 0.646 917 355 0.399 878 374 0.963 878 374 0.963 887 307 0.330 883 377 0.896 865 361 0.640 865 361 0.640 876 406 0.839 876 406 0.839 876 406 0.839 884 340 0.815 857 340 0.886 879 362 0.628 834 348 0.632 886 340 0.486 886 345 0.490 886 345 0.490 875 393 0.814 842 376 0.689 867 418 0.736 862 418 0.866 835 352 0.808 838 359 0.743 907 411 0.921 829 341 0.631 829 360 0.882 872 358 0.698 865 344 0.823 887 380 0.711 881 381 0.873 848 360 0.831 918 367 0.775 918 367 0.775 882 359 0.660 866 391 0.821 861 380 0.788 882 372 1.010 860 358 0.684 862 372 0.740 862 372 0.740 876 358 0.790 832 354 0.968 832 354 0.968 841 350 0.686 841 350 0.686 826 338 0.646 917 355 0.399 890 371 0.666 870 373 0.389 887 364 0.650 883 377 0.896 850 361 0.716 850 361 0.716 884 340 0.815 884 340 0.815 857 340 0.886 857 340 0.886 857 340 0.886 879 362 0.628 879 362 0.628 889 370 0.645 852 376 0.759 852 376 0.759 875 393 0.814 875 393 0.814 877 374 0.352 
F 890 385 0.740 
PA 891 417 0.717 891 417 0.717 862 380 0.760 868 387 0.757 942 457 0.905 856 363 0.713 859 394 0.851 859 394 0.851 881 360 0.784 927 411 0.590 879 396 0.866 959 398 0.501 910 416 0.992 894 405 0.842 900 401 0.577 858 393 0.987 879 386 0.815 930 402 0.656 918 419 0.883 918 419 0.883 892 397 0.697 908 370 1.003 920 382 0.904 886 373 0.824 872 357 0.804 927 406 0.881 907 383 0.675 907 383 0.675 872 397 0.879 896 406 0.446 913 432 0.789 919 392 0.545 865 402 0.961 854 357 0.566 948 373 0.634 909 411 0.787 914 414 0.874 898 388 0.719 895 426 0.838 895 426 0.838 911 440 0.692 911 440 0.692 912 376 1.015 923 398 0.772 921 362 0.581 911 430 0.807 911 430 0.807 917 461 0.686 862 380 0.760 862 380 0.760 862 380 0.760 868 387 0.757 942 457 0.905 859 394 0.851 881 360 0.784 881 360 0.784 879 396 0.866 959 398 0.501 881 407 0.846 881 407 0.846 910 416 0.992 896 382 0.478 900 401 0.577 858 393 0.987 879 386 0.815 861 360 0.486 861 360 0.486 930 402 0.656 917 392 0.827 891 400 0.791 
F 918 418 0.765 
PA 910 428 0.751 910 428 0.751 899 431 1.009 911 439 0.785 911 439 0.785 937 457 1.019 909 418 0.868 909 418 0.868 959 442 0.941 913 419 0.638 913 419 0.638 897 417 0.886 904 419 0.685 904 419 0.685 881 385 0.724 912 389 0.706 912 389 0.706 912 389 0.706 910 436 0.979 910 436 0.979 934 449 0.894 934 449 0.894 925 435 0.710 889 435 0.889 963 430 0.751 961 468 0.806 961 468 0.806 927 426 0.670 927 426 0.670 919 384 0.752 919 384 0.752 922 411 0.798 944 411 0.639 901 431 0.852 935 450 0.636 881 425 0.939 881 425 0.939 886 380 0.679 936 436 0.693 927 434 1.093 932 419 0.782 924 453 0.649 927 397 0.907 945 425 0.972 954 489 0.608 884 398 0.664 903 425 0.887 968 486 0.774 881 421 0.891 881 421 0.891 907 390 0.928 899 431 1.009 911 439 0.785 911 439 0.785 911 439 0.785 940 431 0.703 909 418 0.868 909 418 0.868 897 383 0.670 959 442 0.941 934 450 0.575 897 417 0.886 977 498 0.823 977 498 0.823 888 433 0.973 888 433 0.973 912 389 0.706 951 433 0.885 925 435 0.710 889 435 0.889 
F 939 450 0.808 
PA 889 435 0.889 963 430 0.751 961 468 0.806 927 426 0.670 919 384 0.752 922 411 0.798 881 425 0.939 932 419 0.782 924 453 0.649 945 425 0.972 884 398 0.664 881 421 0.891 881 421 0.891 907 390 0.928 911 439 0.785 911 439 0.785 911 439 0.785 909 418 0.868 897 383 0.670 934 450 0.575 977 498 0.823 888 433 0.973 912 389 0.706 925 435 0.710 925 435 0.710 910 428 0.751 910 428 0.751 899 431 1.009 911 439 0.785 937 457 1.019 909 418 0.868 909 418 0.868 913 419 0.638 904 419 0.685 881 385 0.724 912 389 0.706 912 389 0.706 912 389 0.706 934 449 0.894 925 435 0.710 889 435 0.889 963 430 0.751 963 430 0.751 961 468 0.806 961 468 0.806 919 384 0.752 919 384 0.752 919 384 0.752 901 431 0.852 901 431 0.852 881 425 0.939 886 380 0.679 924 453 0.649 945 425 0.972 968 486 0.774 968 486 0.774 907 390 0.928 911 439 0.785 911 439 0.785 911 439 0.785 940 431 0.703 940 431 0.703 909 418 0.868 909 418 0.868 959 442 0.941 897 417 0.886 888 433 0.973 912 389 0.706 912 389 0.706 951 433 0.885 
F 940 447 0.798 
PA 916 401 0.826 916 401 0.826 916 401 0.826 1018 539 0.774 950 423 0.761 970 479 0.851 955 465 0.865 940 454 0.681 941 457 0.761 949 476 0.965 951 446 0.591 928 438 0.719 947 419 0.710 947 419 0.710 934 409 0.761 973 487 0.652 994 460 0.762 994 463 0.878 995 510 0.963 955 414 0.659 955 414 0.659 931 466 0.874 921 454 0.831 906 458 0.912 914 401 0.618 964 484 0.655 965 453 0.957 1000 518 0.816 937 421 0.657 933 466 1.006 921 435 0.958 940 451 0.748 921 448 0.897 947 420 0.737 1005 467 0.716 953 446 0.660 946 407 0.690 966 452 0.699 968 459 0.875 947 468 0.502 906 449 0.800 906 449 0.800 937 467 0.831 942 468 0.706 927 441 0.942 1018 539 0.774 950 423 0.761 970 479 0.851 955 465 0.865 940 454 0.681 938 468 0.871 938 468 0.871 949 476 0.965 934 448 0.848 922 426 0.851 947 419 0.710 973 487 0.652 946 456 0.846 929 473 0.634 994 463 0.878 995 510 0.963 996 501 0.722 953 415 0.752 931 466 0.874 906 458 0.912 964 484 0.655 965 453 0.957 1003 519 0.751 938 472 0.968 938 472 0.968 
F 972 477 0.795 
PA 950 456 0.803 985 447 0.547 982 503 0.983 939 481 0.679 1011 538 1.157 1025 527 0.694 959 507 1.059 987 487 0.997 971 502 0.533 1049 567 0.689 981 454 0.813 1005 517 0.752 1005 517 0.752 1005 517 0.752 967 481 0.873 968 486 0.867 965 498 0.893 963 453 0.509 989 446 0.433 989 446 0.433 973 441 0.695 973 441 0.695 973 441 0.695 973 441 0.695 973 441 0.695 1022 490 0.890 1022 490 0.890 1023 542 0.757 951 496 1.077 947 482 0.831 929 489 0.970 959 438 0.777 959 438 0.777 993 504 1.157 957 481 0.866 972 441 0.660 972 441 0.660 972 441 0.660 972 441 0.660 997 481 0.688 995 497 1.034 940 481 0.689 969 492 0.767 962 492 0.962 962 492 0.962 979 446 0.556 981 487 0.665 963 492 0.657 967 504 0.910 966 494 1.083 966 494 1.083 1007 511 0.598 982 503 0.983 939 481 0.679 1017 499 1.118 1025 527 0.694 1025 527 0.694 977 442 0.929 977 442 0.929 917 469 0.709 1019 525 0.613 1033 545 0.697 971 502 0.533 956 443 0.807 981 454 0.813 1004 514 0.731 1005 517 0.752 968 486 0.867 965 498 0.893 965 498 0.893 
F 1001 505 0.790 
PA 1063 556 0.641 1065 562 0.772 1009 482 0.840 1002 478 0.977 1002 478 0.977 964 506 0.629 964 506 0.629 1016 528 0.498 983 477 0.969 1010 481 0.687 1010 481 0.687 1029 539 0.861 1029 539 0.861 1006 531 0.873 989 526 0.833 1005 536 0.628 1005 536 0.628 986 496 0.857 1034 479 0.632 1010 536 0.787 1010 536 0.787 975 538 1.105 1014 532 1.080 1082 594 0.684 1031 550 1.049 1041 550 0.726 1041 550 0.726 992 506 0.718 989 507 0.726 1049 471 0.363 1026 490 0.792 1026 490 0.792 1008 469 0.660 1014 474 0.664 1014 474 0.664 1042 512 0.791 1045 567 0.951 1045 567 0.951 1045 567 0.951 985 468 0.922 978 458 0.800 985 514 0.897 996 462 0.784 1043 515 0.581 1043 515 0.581 989 530 0.946 1005 462 0.566 1005 462 0.566 984 506 0.525 980 522 1.111 1052 535 0.398 1009 538 0.866 982 515 0.677 1065 562 0.772 1009 482 0.840 964 506 0.629 1104 591 0.458 1010 481 0.687 1029 539 0.861 1006 531 0.873 989 526 0.833 986 496 0.857 1010 536 0.787 1071 565 0.714 999 518 0.518 1082 594 0.684 1010 490 0.949 1010 490 0.949 1041 550 0.726 992 506 0.718 
F 1037 537 0.765 
PA 986 496 0.857 1010 536 0.787 999 518 0.518 999 518 0.518 1010 490 0.949 1010 490 0.949 992 506 0.718 1065 562 0.772 1002 478 0.977 964 506 0.629 983 477 0.969 1010 481 0.687 1029 539 0.861 1006 531 0.873 1006 531 0.873 1005 536 0.628 1005 536 0.628 986 496 0.857 1034 479 0.632 1010 536 0.787 1010 536 0.787 1010 536 0.787 1010 536 0.787 1041 550 0.726 992 506 0.718 989 507 0.726 1026 490 0.792 1008 469 0.660 1008 469 0.660 1042 512 0.791 1045 567 0.951 1045 567 0.951 985 468 0.922 985 514 0.897 989 530 0.946 984 506 0.525 982 515 0.677 1009 482 0.840 1009 482 0.840 1104 591 0.458 1006 531 0.873 989 526 0.833 1010 536 0.787 1071 565 0.714 1071 565 0.714 1082 594 0.684 1041 550 0.726 992 506 0.718 1065 562 0.772 1065 562 0.772 1009 482 0.840 1009 482 0.840 1002 478 0.977 964 506 0.629 1016 528 0.498 983 477 0.969 1010 481 0.687 1010 481 0.687 1010 481 0.687 1029 539 0.861 1029 539 0.861 989 526 0.833 1005 536 0.628 1034 479 0.632 1010 536 0.787 1010 536 0.787 1010 536 0.787 1041 550 0.726 992 506 0.718 992 506 0.718 
F 1035 539 0.767 
PA 1098 592 0.668 1062 584 1.012 1031 557 0.764 1016 529 0.822 1016 529 0.822 1035 561 0.772 1035 561 0.772 1072 581 0.836 1020 534 0.718 1068 524 0.578 1036 490 0.603 1071 606 0.984 1014 487 0.857 1014 487 0.857 1014 487 0.857 1037 560 0.617 1114 598 0.557 1115 602 0.656 1025 539 0.867 1087 587 0.917 1087 587 0.917 1026 512 0.952 1012 517 0.934 1026 497 0.814 1046 555 0.658 1046 564 0.549 1053 576 0.709 1039 564 0.742 1031 542 0.750 1012 525 0.761 1040 569 0.862 1040 569 0.862 1026 537 0.692 1028 519 1.096 1029 540 0.745 1041 500 0.391 1041 500 0.391 1042 572 0.820 1031 557 0.764 1039 557 0.472 1016 529 0.822 1035 561 0.772 1050 572 0.688 1072 581 0.836 1072 581 0.836 1020 534 0.718 1068 524 0.578 1045 499 0.701 1071 539 0.709 999 534 0.953 1043 518 0.807 1043 518 0.807 1037 560 0.617 1010 552 0.961 1121 626 0.662 1067 573 0.696 1067 573 0.696 1090 589 0.842 1087 587 0.917 1026 512 0.952 1012 517 0.934 1026 497 0.814 1035 501 0.635 1035 501 0.635 1025 564 0.797 1025 564 0.797 1064 505 0.786 1064 505 0.786 1053 576 0.709 1041 565 0.721 
F 1066 567 0.766 
PA 1122 621 0.603 1051 522 0.805 1069 588 0.568 1069 588 0.568 1076 592 0.537 1049 557 0.701 1053 559 0.680 1064 580 0.972 1064 580 0.972 1065 586 0.638 1065 586 0.638 1056 572 0.824 1105 617 0.796 1091 606 1.026 1115 553 0.532 1078 525 0.653 1078 525 0.653 1024 573 1.065 1077 552 0.757 1076 584 0.520 1104 602 0.629 1114 618 0.828 1127 623 0.669 1104 610 0.905 1055 545 0.750 1038 545 0.723 1038 545 0.723 1038 507 0.688 1038 507 0.688 1077 540 0.850 1042 587 1.074 1098 533 0.579 1110 548 0.713 1134 621 0.701 1095 634 0.967 1061 583 0.644 1053 563 0.662 1059 573 0.753 1070 589 0.576 1098 609 0.786 1097 546 0.713 1099 646 0.978 1054 538 0.933 1052 532 0.899 1073 590 0.775 1073 590 0.775 1147 629 0.762 1114 627 1.016 1061 562 0.961 1086 588 0.715 1086 588 0.715 1068 576 0.518 1076 592 0.537 1068 582 0.905 1065 594 0.706 1053 559 0.680 1077 516 0.435 1065 586 0.638 1075 579 0.649 1064 585 0.615 1081 601 0.783 1091 606 1.026 1115 553 0.532 1114 573 0.621 1077 552 0.757 1058 537 0.950 1047 591 0.655 1114 618 0.828 1114 618 0.828 1104 610 0.905 
F 1100 598 0.746 
PA 1169 651 0.723 1169 651 0.723 1096 607 0.563 1082 598 0.680 1135 583 0.818 1084 571 0.773 1090 577 0.820 1098 613 0.736 1098 613 0.736 1139 668 1.049 1115 618 0.900 1115 618 0.900 1116 603 0.495 1122 538 0.464 1110 616 0.527 1092 611 0.870 1123 650 0.853 1097 569 0.652 1089 621 0.595 1129 634 0.896 1160 646 0.573 1112 620 0.699 1095 623 0.924 1105 621 0.781 1078 597 0.841 1078 597 0.841 1110 550 0.649 1111 587 0.834 1141 632 0.739 1150 646 0.509 1140 651 0.805 1069 572 0.687 1066 569 0.661 1076 539 0.695 1102 570 0.912 1159 590 0.694 1169 651 0.723 1084 592 0.867 1084 592 0.867 1112 622 0.745 1082 598 0.680 1082 598 0.680 1140 701 0.880 1090 577 0.820 1090 577 0.820 1163 643 0.677 1115 618 0.900 1115 618 0.900 1122 538 0.464 1110 616 0.527 1111 602 0.486 1092 611 0.870 1126 638 0.611 1123 650 0.853 1123 650 0.853 1134 566 0.701 1092 584 0.942 1089 621 0.595 1089 621 0.595 1136 641 0.797 1160 646 0.573 1089 603 0.670 1112 620 0.699 1112 620 0.699 1076 594 0.725 1100 611 0.565 1137 647 0.739 1155 577 0.551 1105 547 0.664 1111 587 0.834 
F 1134 629 0.731 
PA 1111 600 0.832 1133 648 0.846 1143 652 0.839 1143 652 0.839 1147 621 0.557 1168 560 0.461 1123 643 0.546 1134 641 0.852 1126 643 0.844 1110 629 0.741 1110 629 0.741 1142 623 0.882 1089 588 0.667 1098 596 0.748 1132 612 1.002 1195 615 0.536 1113 625 0.796 1119 632 0.836 1142 649 0.708 1168 735 0.861 1127 611 0.658 1127 611 0.658 1127 611 0.658 1201 671 0.568 1127 647 0.711 1127 647 0.711 1127 647 0.711 1157 687 0.782 1154 680 0.678 1169 595 0.658 1168 682 1.028 1146 646 0.604 1159 668 0.774 1159 668 0.774 1151 583 0.691 1199 684 0.920 1118 624 0.719 1162 619 1.047 1118 605 0.797 1111 600 0.832 1133 648 0.846 1143 652 0.839 1168 560 0.461 1151 676 0.631 1129 590 0.533 1134 641 0.852 1134 641 0.852 1136 675 0.878 1136 675 0.878 1110 629 0.741 1142 623 0.882 1199 678 0.651 1089 588 0.667 1132 612 1.002 1218 686 0.521 1119 632 0.836 1119 632 0.836 1142 649 0.708 1168 735 0.861 1123 613 0.834 1131 641 0.998 1131 641 0.998 1148 660 0.904 1157 687 0.782 1169 595 0.658 1146 646 0.604 1112 624 0.686 1153 645 0.582 1159 668 0.774 1151 583 0.691 
F 1163 658 0.759 
PA 1098 596 0.748 1119 632 0.836 1127 611 0.658 1201 671 0.568 1127 647 0.711 1168 682 1.028 1159 668 0.774 1151 583 0.691 1118 624 0.719 1118 605 0.797 1111 600 0.832 1143 652 0.839 1134 641 0.852 1136 675 0.878 1142 623 0.882 1119 632 0.836 1123 613 0.834 1123 613 0.834 1131 641 0.998 1148 660 0.904 1169 595 0.658 1153 645 0.582 1151 583 0.691 1111 600 0.832 1133 648 0.846 1133 648 0.846 1143 652 0.839 1126 643 0.844 1110 629 0.741 1110 629 0.741 1089 588 0.667 1113 625 0.796 1127 611 0.658 1127 647 0.711 1127 647 0.711 1127 647 0.711 1169 595 0.658 1159 668 0.774 1199 684 0.920 1118 605 0.797 1111 600 0.832 1143 652 0.839 1134 641 0.852 1136 675 0.878 1132 612 1.002 1142 649 0.708 1123 613 0.834 1157 687 0.782 1112 624 0.686 1111 600 0.832 1143 652 0.839 1126 643 0.844 1110 629 0.741 1110 629 0.741 1110 629 0.741 1132 612 1.002 1132 612 1.002 1195 615 0.536 1119 632 0.836 1127 611 0.658 1127 647 0.711 1169 595 0.658 1169 595 0.658 1159 668 0.774 1159 668 0.774 1151 583 0.691 1118 624 0.719 1118 605 0.797 1133 648 0.846 1129 590 0.533 
F 1156 651 0.780 
PA 1155 672 0.758 1150 662 0.474 1205 626 0.768 1181 689 0.771 1145 633 0.726 1169 710 0.754 1169 710 0.754 1168 655 0.761 1168 655 0.761 1193 721 0.740 1135 644 0.769 1135 644 0.769 1143 632 0.741 1181 698 0.904 1141 659 0.805 1159 647 0.845 1159 647 0.845 1158 646 0.829 1135 650 0.775 1147 665 0.783 1210 629 0.717 1197 703 0.718 1154 640 0.754 1160 682 0.957 1157 611 0.754 1157 675 0.840 1160 678 0.823 1207 733 0.798 1191 613 0.579 1154 649 0.966 1197 708 0.775 1148 687 0.721 1170 660 0.966 1145 662 0.859 1157 655 0.949 1175 703 1.102 1182 606 0.726 1182 606 0.726 1191 677 0.822 1147 635 0.720 1147 635 0.720 1147 635 0.720 1156 674 0.824 1160 681 0.838 1160 681 0.838 1138 656 0.788 1150 669 0.855 1154 625 0.266 1155 672 0.758 1159 678 0.840 1159 678 0.840 1181 689 0.771 1181 689 0.771 1147 641 0.984 1161 684 1.144 1168 655 0.761 1196 696 0.730 1145 642 0.980 1143 632 0.741 1143 632 0.741 1181 698 0.904 1161 674 0.615 1137 655 0.795 1159 647 0.845 1159 647 0.845 1158 646 0.829 1225 636 0.669 1135 650 0.775 1158 645 0.992 1158 645 0.992 
F 1184 682 0.797 
PA 1192 693 1.027 1174 699 0.937 1206 753 0.951 1227 647 0.755 1165 652 0.783 1184 677 0.971 1180 699 0.631 1195 713 0.674 1190 711 0.931 1190 711 0.931 1214 725 0.878 1204 687 0.673 1168 656 0.786 1214 731 0.704 1214 731 0.704 1186 694 0.734 1193 687 0.852 1264 672 0.834 1176 667 0.799 1183 697 0.700 1248 657 0.487 1210 719 0.822 1194 736 0.876 1227 754 0.794 1227 754 0.794 1168 685 1.002 1168 685 1.002 1169 652 0.584 1215 734 0.755 1170 690 0.827 1173 688 0.810 1218 722 0.786 1188 666 0.530 1182 637 0.829 1197 714 0.717 1231 758 0.846 1192 693 1.027 1192 693 1.027 1194 701 0.840 1206 753 0.951 1224 716 0.909 1184 677 0.971 1199 724 0.842 1199 724 0.842 1199 724 0.842 1199 724 0.842 1195 713 0.674 1195 713 0.674 1195 713 0.674 1189 718 1.012 1221 724 0.670 1204 687 0.673 1168 656 0.786 1168 656 0.786 1186 694 0.734 1161 677 0.675 1190 680 0.762 1188 677 0.766 1264 672 0.834 1176 667 0.799 1184 681 0.920 1200 696 0.728 1200 696 0.728 1210 719 0.822 1210 719 0.822 1210 719 0.822 1203 685 0.628 1195 679 0.669 1158 666 0.751 1215 734 0.755 
F 1218 720 0.800 
PA 1219 772 1.045 1207 737 0.849 1207 737 0.849 1207 737 0.849 1231 749 0.747 1205 727 0.972 1226 685 0.397 1220 740 0.999 1232 744 0.754 1209 716 0.827 1238 752 0.875 1265 764 0.849 1214 721 0.974 1223 756 1.000 1212 737 0.683 1224 737 0.708 1224 737 0.708 1224 737 0.708 1238 710 0.491 1212 723 0.965 1204 707 0.548 1290 698 0.739 1208 708 0.763 1208 708 0.763 1240 736 0.850 1230 739 0.725 1249 755 0.677 1223 700 0.681 1185 697 0.932 1219 734 0.947 1248 809 0.884 1248 809 0.884 1200 682 0.662 1200 682 0.662 1213 723 1.031 1212 740 0.910 1212 740 0.910 1212 740 0.910 1237 758 1.023 1221 703 0.804 1232 750 0.932 1222 728 0.781 1283 696 0.943 1218 705 0.700 1279 669 0.255 1256 763 0.698 1219 772 1.045 1219 772 1.045 1207 737 0.849 1206 675 0.527 1195 720 0.941 1205 727 0.972 1205 727 0.972 1247 754 0.879 1220 740 0.999 1232 744 0.754 1238 752 0.875 1238 752 0.875 1238 752 0.875 1265 764 0.849 1214 721 0.974 1205 731 0.828 1230 770 1.106 1212 737 0.683 1212 723 0.399 1216 734 0.918 1224 737 0.708 1224 737 0.708 1221 766 0.962 1223 705 0.666 
F 1245 756 0.819 
PA 1204 707 0.548 1290 698 0.739 1208 708 0.763 1208 708 0.763 1230 739 0.725 1230 739 0.725 1249 755 0.677 1223 700 0.681 1219 734 0.947 1219 734 0.947 1248 809 0.884 1200 682 0.662 1213 723 1.031 1213 723 1.031 1212 740 0.910 1212 740 0.910 1232 750 0.932 1283 696 0.943 1218 705 0.700 1256 763 0.698 1219 772 1.045 1206 675 0.527 1195 720 0.941 1247 754 0.879 1220 740 0.999 1238 752 0.875 1265 764 0.849 1205 731 0.828 1212 737 0.683 1212 737 0.683 1224 737 0.708 1221 766 0.962 1223 705 0.666 1223 705 0.666 1207 737 0.849 1205 727 0.972 1205 727 0.972 1205 727 0.972 1226 685 0.397 1232 744 0.754 1209 716 0.827 1265 764 0.849 1265 764 0.849 1223 756 1.000 1224 737 0.708 1238 710 0.491 1212 723 0.965 1212 723 0.965 1208 708 0.763 1208 708 0.763 1230 739 0.725 1230 739 0.725 1185 697 0.932 1219 734 0.947 1248 809 0.884 1200 682 0.662 1200 682 0.662 1200 682 0.662 1212 740 0.910 1212 740 0.910 1237 758 1.023 1237 758 1.023 1221 703 0.804 1283 696 0.943 1218 705 0.700 1256 763 0.698 1207 737 0.849 1195 720 0.941 1195 720 0.941 1205 727 0.972 
F 1243 751 0.822 
PA 1255 734 0.592 1255 734 0.592 1221 754 0.892 1221 754 0.892 1226 765 0.990 1226 765 0.990 1230 727 0.669 1257 771 1.020 1242 775 1.148 1244 772 1.011 1239 763 0.970 1239 767 0.665 1239 767 0.665 1266 793 0.858 1308 729 0.915 1252 731 0.578 1252 731 0.578 1241 802 0.809 1242 774 0.989 1262 787 1.072 1292 794 0.807 1239 756 0.566 1270 774 0.640 1265 735 0.598 1236 763 0.594 1242 749 0.741 1241 783 0.955 1262 771 0.747 1223 744 1.190 1244 740 0.677 1276 778 0.695 1251 777 0.917 1266 839 1.190 1227 705 0.688 1251 779 0.664 1259 741 0.762 1285 788 0.745 1221 754 0.892 1229 763 0.989 1241 741 0.820 1257 771 1.020 1242 775 1.148 1240 718 0.793 1246 778 0.768 1239 767 0.665 1308 729 0.915 1241 802 0.809 1242 774 0.989 1241 768 0.780 1239 756 0.566 1239 756 0.566 1253 722 0.379 1253 722 0.379 1271 706 0.461 1242 749 0.741 1295 795 0.735 1241 783 0.955 1231 749 0.860 1237 731 0.582 1251 777 0.917 1251 777 0.917 1228 704 0.623 1231 763 0.879 1231 763 0.879 1259 741 0.762 1255 734 0.592 1285 788 0.745 1226 765 0.990 1229 763 0.989 1241 741 0.820 
F 1269 781 0.800 
PA 1286 735 0.347 1294 744 0.593 1329 829 0.827 1262 777 0.615 1281 752 0.286 1267 734 0.705 1252 790 0.933 1284 768 0.914 1324 823 0.715 1242 781 0.913 1291 761 0.692 1260 812 0.900 1260 812 0.900 1249 796 0.849 1249 796 0.849 1265 750 0.480 1265 750 0.480 1265 750 0.480 1272 794 0.967 1281 794 0.460 1324 754 1.081 1271 833 0.814 1258 803 1.137 1267 775 0.598 1275 790 0.646 1275 790 0.646 1294 800 0.726 1309 808 0.774 1267 737 0.677 1285 808 0.747 1323 822 0.718 1256 798 0.910 1248 789 0.867 1270 747 0.752 1327 752 0.847 1285 853 0.931 1271 815 0.907 1276 803 0.770 1267 779 0.778 1290 784 0.518 1270 818 0.806 1281 752 0.286 1278 812 0.919 1267 734 0.705 1256 796 0.943 1256 796 0.943 1284 768 0.914 1288 756 0.597 1242 781 0.913 1242 781 0.913 1242 781 0.913 1274 772 0.671 1252 787 0.731 1260 812 0.900 1265 750 0.480 1272 794 0.967 1255 791 1.167 1269 795 0.830 1293 825 0.889 1281 752 0.668 1281 752 0.668 1271 833 0.814 1286 830 1.027 1329 835 0.857 1267 775 0.598 1275 790 0.646 1265 815 0.898 1289 772 0.584 1309 808 0.774 1289 879 0.920 
F 1297 808 0.768 
PA 1370 796 0.755 1311 889 0.924 1316 844 0.850 1302 808 0.626 1315 763 0.356 1287 753 0.807 1319 806 0.739 1272 816 0.777 1272 816 0.777 1272 815 0.775 1260 848 1.782 1311 777 0.744 1300 865 0.836 1327 841 0.906 1327 841 0.906 1336 836 0.862 1336 836 0.862 1352 848 0.519 1322 768 0.481 1322 768 0.481 1310 794 0.652 1310 794 0.652 1361 853 0.657 1265 810 0.876 1276 833 0.950 1303 772 0.599 1303 772 0.599 1299 768 0.514 1299 768 0.514 1284 809 0.829 1270 835 1.255 1336 827 0.420 1292 764 0.967 1318 841 0.848 1298 771 0.628 1298 771 0.628 1311 889 0.924 1316 844 0.850 1316 844 0.850 1302 808 0.626 1307 859 1.078 1287 753 0.807 1287 753 0.807 1287 753 0.807 1275 828 1.137 1319 806 0.739 1320 778 0.618 1272 815 0.775 1272 815 0.775 1295 822 0.772 1311 777 0.744 1300 865 0.836 1305 856 0.882 1305 799 0.534 1305 799 0.534 1305 799 0.534 1305 799 0.534 1314 865 0.702 1321 789 0.389 1307 907 1.050 1300 811 0.873 1300 811 0.873 1322 768 0.481 1279 822 0.780 1325 783 0.450 1276 833 0.950 1272 826 0.993 1272 826 0.993 1303 772 0.599 1311 771 0.358 
F 1326 832 0.755 
PA 1317 846 0.883 1320 801 0.888 1351 882 0.930 1339 803 0.709 1345 889 1.118 1349 845 0.711 1314 781 0.776 1306 778 1.026 1351 835 0.740 1354 801 0.566 1302 844 0.744 1304 848 0.815 1330 853 0.674 1357 815 0.611 1318 888 0.968 1355 828 0.533 1355 828 0.533 1369 913 0.740 1322 931 0.963 1322 931 0.963 1318 834 0.910 1323 842 0.963 1320 858 0.681 1297 860 0.887 1292 855 0.955 1343 808 0.846 1412 835 0.748 1412 835 0.748 1332 915 0.889 1325 855 0.819 1361 782 0.446 1316 785 0.834 1312 855 0.790 1307 847 0.701 1298 836 0.562 1340 806 0.817 1351 879 1.098 1355 860 0.907 1368 871 0.784 1368 871 0.784 1339 821 0.839 1299 852 0.916 1290 852 0.932 1349 799 0.581 1317 846 0.883 1320 801 0.888 1351 882 0.930 1339 803 0.709 1359 885 0.651 1314 781 0.776 1314 781 0.776 1306 778 1.026 1351 835 0.740 1304 848 0.815 1318 888 0.968 1349 827 0.598 1355 828 0.533 1355 828 0.533 1355 828 0.533 1369 913 0.740 1322 931 0.963 1318 834 0.910 1320 858 0.681 1306 870 0.821 1306 870 0.821 1297 860 0.887 1292 855 0.955 1343 808 0.846 1412 835 0.748 1325 855 0.819 
F 1354 866 0.798 
PA 1297 860 0.887 1297 860 0.887 1343 808 0.846 1325 855 0.819 1312 855 0.790 1312 855 0.790 1307 847 0.701 1355 860 0.907 1339 821 0.839 1349 799 0.581 1317 846 0.883 1317 846 0.883 1320 801 0.888 1339 803 0.709 1359 885 0.651 1314 781 0.776 1304 848 0.815 1318 888 0.968 1355 828 0.533 1355 828 0.533 1355 828 0.533 1318 834 0.910 1320 858 0.681 1306 870 0.821 1343 808 0.846 1412 835 0.748 1317 846 0.883 1317 846 0.883 1339 803 0.709 1314 781 0.776 1306 778 1.026 1351 835 0.740 1302 844 0.744 1302 844 0.744 1304 848 0.815 1318 888 0.968 1318 834 0.910 1318 834 0.910 1297 860 0.887 1412 835 0.748 1332 915 0.889 1316 785 0.834 1316 785 0.834 1340 806 0.817 1355 860 0.907 1355 860 0.907 1339 821 0.839 1317 846 0.883 1351 882 0.930 1339 803 0.709 1314 781 0.776 1314 781 0.776 1351 835 0.740 1304 848 0.815 1355 828 0.533 1320 858 0.681 1297 860 0.887 1343 808 0.846 1412 835 0.748 1317 846 0.883 1317 846 0.883 1339 803 0.709 1349 845 0.711 1351 835 0.740 1304 848 0.815 1304 848 0.815 1355 828 0.533 1322 931 0.963 1322 931 0.963 1322 931 0.963 
F 1350 861 0.804 
PA 1368 832 0.685 1338 874 0.961 1378 835 0.644 1330 816 0.983 1335 877 0.842 1326 872 0.849 1347 871 0.908 1328 897 0.884 1370 961 0.857 1338 812 0.949 1386 894 0.758 1370 856 0.872 1344 871 0.595 1349 817 0.831 1343 802 0.492 1380 865 0.875 1333 882 0.928 1372 837 0.708 1334 872 1.063 1334 872 1.063 1369 827 0.633 1367 861 0.719 1383 869 0.875 1383 869 0.875 1377 843 0.627 1338 910 0.890 1338 910 0.890 1324 890 0.800 1352 891 0.658 1349 895 0.873 1391 896 0.659 1358 895 0.853 1350 839 0.899 1350 839 0.899 1336 803 0.818 1355 932 0.776 1353 872 0.754 1353 872 0.754 1453 873 0.734 1338 874 0.961 1378 835 0.644 1357 836 1.051 1384 865 0.742 1335 877 0.842 1356 928 0.668 1347 875 0.992 1328 897 0.884 1328 897 0.884 1344 816 0.863 1390 852 0.673 1390 906 0.948 1370 856 0.872 1349 817 0.831 1349 817 0.831 1380 865 0.875 1394 852 0.575 1319 895 1.138 1372 837 0.708 1372 837 0.708 1441 862 0.726 1441 862 0.726 1369 827 0.633 1367 861 0.719 1383 869 0.875 1383 869 0.875 1344 898 0.973 1352 974 0.962 1338 910 0.890 1324 890 0.800 1362 888 0.642 
F 1380 890 0.818 
PA 1396 931 0.836 1390 888 0.869 1390 888 0.869 1364 838 0.944 1378 958 0.909 1385 904 0.790 1366 912 0.911 1402 857 0.858 1402 857 0.858 1415 892 0.647 1372 918 0.826 1350 929 1.021 1355 928 0.807 1426 888 0.884 1380 847 0.713 1380 847 0.713 1416 909 0.872 1421 870 0.594 1407 866 0.693 1414 912 1.038 1414 912 1.038 1411 907 1.019 1367 934 1.020 1367 995 0.924 1419 921 0.416 1360 903 0.856 1368 873 0.979 1381 931 0.885 1381 931 0.885 1350 902 0.933 1389 987 1.021 1352 829 0.840 1420 928 0.800 1371 847 1.036 1388 834 0.755 1354 898 0.787 1354 898 0.787 1355 918 1.218 1402 899 1.153 1402 899 1.153 1371 953 0.939 1371 953 0.939 1396 931 0.836 1387 928 0.834 1390 888 0.869 1389 898 1.082 1389 898 1.082 1364 838 0.944 1364 838 0.944 1388 900 0.609 1385 904 0.790 1402 857 0.858 1372 918 0.826 1365 906 1.114 1355 928 0.807 1382 857 0.782 1382 857 0.782 1382 857 0.782 1382 857 0.782 1426 888 0.884 1411 931 0.763 1389 861 0.825 1416 909 0.872 1325 909 1.135 1407 866 0.693 1405 862 0.898 1414 912 1.038 1367 995 0.924 1372 950 0.828 1360 903 0.856 
F 1404 922 0.878 
PA 1395 876 0.861 1417 936 0.806 1413 962 0.822 1371 943 0.672 1426 903 0.846 1406 881 0.788 1402 876 0.736 1439 940 0.997 1339 932 0.942 1440 953 0.957 1386 940 1.051 1415 915 0.805 1385 865 0.911 1391 945 0.911 1435 892 0.778 1436 893 0.753 1395 943 0.822 1383 972 0.827 1383 972 0.827 1454 921 0.831 1446 952 1.046 1451 889 0.547 1445 957 0.874 1385 896 0.911 1398 951 0.837 1385 952 0.987 1378 859 0.851 1400 896 1.061 1373 963 1.177 1407 994 0.758 1424 925 0.801 1411 950 1.274 1395 876 0.861 1417 936 0.806 1413 962 0.822 1426 903 0.846 1406 881 0.788 1402 876 0.736 1416 888 0.770 1426 884 0.785 1440 953 0.957 1416 951 0.709 1385 865 0.911 1391 945 0.911 1436 893 0.753 1446 919 0.809 1446 919 0.809 1395 943 0.822 1383 972 0.827 1415 878 0.732 1395 857 0.475 1447 909 0.950 1434 958 1.241 1385 896 0.911 1385 952 0.987 1378 859 0.851 1400 896 1.061 1433 873 0.650 1399 948 0.877 1403 986 0.636 1426 967 0.734 1387 875 1.121 1417 936 0.806 1430 894 0.976 1405 883 0.911 1406 881 0.788 1406 881 0.788 1402 876 0.736 1447 963 0.707 1416 888 0.770 
F 1429 941 0.853 
PA 1424 925 0.801 1395 876 0.861 1413 962 0.822 1406 881 0.788 1402 876 0.736 1416 888 0.770 1416 951 0.709 1385 865 0.911 1391 945 0.911 1391 945 0.911 1446 919 0.809 1395 943 0.822 1383 972 0.827 1415 878 0.732 1415 878 0.732 1378 859 0.851 1433 873 0.650 1399 948 0.877 1426 967 0.734 1387 875 1.121 1417 936 0.806 1406 881 0.788 1406 881 0.788 1402 876 0.736 1395 876 0.861 1417 936 0.806 1426 903 0.846 1406 881 0.788 1406 881 0.788 1439 940 0.997 1415 915 0.805 1385 865 0.911 1391 945 0.911 1436 893 0.753 1395 943 0.822 1395 943 0.822 1383 972 0.827 1446 952 1.046 1445 957 0.874 1385 896 0.911 1378 859 0.851 1407 994 0.758 1424 925 0.801 1395 876 0.861 1417 936 0.806 1413 962 0.822 1406 881 0.788 1402 876 0.736 1402 876 0.736 1416 888 0.770 1385 865 0.911 1391 945 0.911 1436 893 0.753 1446 919 0.809 1446 919 0.809 1395 943 0.822 1415 878 0.732 1447 909 0.950 1385 896 0.911 1400 896 1.061 1426 967 0.734 1387 875 1.121 1387 875 1.121 1417 936 0.806 1405 883 0.911 1406 881 0.788 1406 881 0.788 1402 876 0.736 1395 876 0.861 1413 962 0.822 
F 1428 932 0.836 
PA 1467 942 0.841 1467 942 0.841 1442 903 0.774 1442 903 0.774 1412 923 1.036 1451 973 0.830 1432 913 0.993 1449 996 0.667 1426 911 0.831 1426 911 0.831 1439 912 0.725 1455 983 0.679 1411 895 0.801 1424 991 0.998 1424 991 0.998 1485 953 0.630 1458 925 0.924 1458 896 0.868 1410 928 1.184 1432 912 0.941 1432 912 0.941 1427 902 0.766 1427 902 0.766 1436 904 0.625 1431 951 0.810 1448 920 0.711 1463 988 1.239 1406 891 0.852 1415 973 0.806 1430 982 0.848 1430 982 0.848 1472 985 0.793 1485 1014 1.064 1485 1014 1.064 1456 961 0.900 1420 902 0.753 1451 960 0.432 1435 987 0.854 1445 920 0.789 1447 911 0.498 1476 928 0.721 1476 928 0.721 1467 942 0.841 1467 942 0.841 1432 985 0.874 1442 903 0.774 1419 929 1.014 1451 973 0.830 1432 913 0.993 1432 913 0.993 1432 913 0.993 1428 904 0.911 1462 968 0.902 1426 911 0.831 1426 911 0.831 1439 912 0.725 1448 917 0.684 1448 917 0.684 1411 895 0.801 1420 968 0.745 1445 901 0.609 1445 901 0.609 1417 901 0.819 1417 973 1.034 1449 971 0.836 1432 912 0.941 1432 912 0.941 1427 902 0.766 1436 904 0.625 1431 951 0.810 
F 1460 957 0.832 
PA 1446 929 0.852 1446 929 0.852 1463 1020 0.873 1510 961 0.806 1510 961 0.806 1484 961 0.896 1484 961 0.896 1492 1009 0.623 1492 1009 0.623 1471 962 0.798 1446 936 0.920 1446 936 0.920 1483 941 0.421 1485 951 0.811 1477 928 0.765 1454 943 0.857 1460 960 1.157 1465 938 0.760 1493 973 0.921 1481 939 0.700 1481 939 0.700 1481 1008 0.886 1464 945 0.632 1490 1017 0.857 1447 933 0.828 1492 972 0.970 1420 959 1.338 1449 929 0.637 1464 942 0.903 1480 940 0.747 1452 975 0.917 1426 913 0.836 1467 1021 0.793 1508 1060 1.146 1508 1060 1.146 1486 978 0.476 1511 956 0.612 1470 945 0.818 1484 961 0.896 1435 960 1.185 1471 962 0.798 1451 940 1.091 1491 1004 0.859 1491 1004 0.859 1467 954 0.784 1467 954 0.784 1485 951 0.811 1477 928 0.765 1477 928 0.765 1454 943 0.857 1454 943 0.857 1482 1006 0.805 1482 1006 0.805 1460 960 1.157 1465 938 0.760 1455 979 0.944 1503 978 0.726 1481 939 0.700 1436 959 0.937 1481 1008 0.886 1464 945 0.632 1464 945 0.632 1447 933 0.828 1443 1022 1.058 1492 972 0.970 1497 945 0.921 1420 959 1.338 1464 942 0.903 1480 940 0.747 1452 975 0.917 
F 1491 986 0.849 
PA 1513 1045 0.863 1509 978 0.632 1512 1005 1.108 1518 967 0.716 1498 956 0.723 1483 976 0.952 1472 961 0.913 1472 961 0.913 1548 1003 0.874 1548 1003 0.874 1519 1013 1.060 1528 1039 0.780 1504 999 0.887 1480 973 0.732 1502 960 1.066 1502 960 1.066 1470 959 0.770 1516 1014 1.205 1526 980 0.787 1509 968 0.921 1504 1038 0.963 1493 968 0.681 1487 957 0.646 1505 965 0.825 1453 942 0.812 1491 1050 0.919 1491 1050 0.919 1528 1100 1.052 1529 1109 1.176 1504 987 0.955 1495 985 0.743 1495 985 0.743 1468 971 1.046 1515 1034 0.940 1492 981 0.876 1513 983 0.893 1513 983 0.893 1504 958 0.928 1487 982 0.905 1487 982 0.905 1515 1044 0.915 1485 1008 1.038 1484 1016 0.847 1468 997 0.799 1513 1045 0.863 1513 1045 0.863 1509 978 0.632 1512 1005 1.108 1441 1022 1.177 1498 979 0.737 1481 1013 0.928 1483 976 0.952 1472 961 0.913 1472 961 0.913 1548 1003 0.874 1548 1003 0.874 1506 989 0.890 1506 989 0.890 1504 999 0.887 1469 961 0.778 1517 988 0.891 1517 988 0.891 1470 959 0.770 1473 982 0.911 1526 980 0.787 1504 1038 0.963 1493 968 0.681 1487 957 0.646 1505 965 0.825 1469 1005 1.172 
F 1518 1017 0.887 
PA 1493 968 0.681 1505 965 0.825 1518 967 0.716 1498 956 0.723 1472 961 0.913 1472 961 0.913 1472 961 0.913 1528 1039 0.780 1480 973 0.732 1480 973 0.732 1470 959 0.770 1526 980 0.787 1509 968 0.921 1504 1038 0.963 1505 965 0.825 1453 942 0.812 1453 942 0.812 1504 987 0.955 1495 985 0.743 1468 971 1.046 1492 981 0.876 1513 983 0.893 1504 958 0.928 1487 982 0.905 1484 1016 0.847 1468 997 0.799 1513 1045 0.863 1498 979 0.737 1483 976 0.952 1472 961 0.913 1548 1003 0.874 1504 999 0.887 1469 961 0.778 1517 988 0.891 1470 959 0.770 1526 980 0.787 1493 968 0.681 1505 965 0.825 1512 1005 1.108 1483 976 0.952 1472 961 0.913 1472 961 0.913 1528 1039 0.780 1480 973 0.732 1502 960 1.066 1470 959 0.770 1526 980 0.787 1509 968 0.921 1509 968 0.921 1493 968 0.681 1487 957 0.646 1453 942 0.812 1491 1050 0.919 1491 1050 0.919 1495 985 0.743 1495 985 0.743 1515 1034 0.940 1513 983 0.893 1515 1044 0.915 1484 1016 0.847 1513 1045 0.863 1512 1005 1.108 1481 1013 0.928 1472 961 0.913 1472 961 0.913 1472 961 0.913 1548 1003 0.874 1506 989 0.890 1469 961 0.778 1469 961 0.778 
F 1513 1005 0.852 
PA 1496 995 0.987 1492 985 0.844 1492 985 0.844 1522 1013 1.043 1509 999 0.745 1532 997 0.938 1538 985 0.743 1517 971 0.641 1502 998 0.866 1502 998 0.866 1525 1008 0.598 1532 993 0.738 1533 1005 1.085 1537 1031 0.911 1496 1010 0.855 1522 983 0.928 1522 983 0.928 1529 1062 0.761 1527 1064 0.966 1501 1004 1.049 1542 1046 0.900 1499 986 0.737 1557 1010 0.749 1532 1039 0.950 1505 1005 0.946 1521 1005 0.609 1513 1001 0.763 1547 1005 0.950 1520 982 0.664 1475 963 0.711 1526 1096 0.962 1531 1017 0.714 1527 999 0.853 1546 1086 0.965 1530 1063 0.742 1500 1039 0.937 1496 995 0.987 1506 1006 0.938 1498 988 0.707 1508 980 0.697 1538 985 0.743 1506 1004 0.901 1502 998 0.866 1516 1009 0.856 1516 1009 0.856 1532 993 0.738 1532 993 0.738 1485 979 0.906 1537 1031 0.911 1513 1001 0.589 1504 1002 0.775 1504 1002 0.775 1492 1020 0.801 1492 1020 0.801 1527 1064 0.966 1501 1004 1.049 1501 1004 1.049 1504 1000 0.857 1542 1046 0.900 1499 986 0.737 1557 1010 0.749 1544 1005 0.787 1506 1002 0.745 1501 1000 0.943 1558 1066 0.665 1513 1001 0.763 1513 1001 0.763 1520 982 0.664 1520 982 0.664 1520 982 0.664 
F 1537 1030 0.829 
PA 1542 1016 1.158 1549 1011 0.694 1522 1034 0.860 1600 1046 0.656 1553 1044 0.883 1557 1016 0.817 1557 1016 0.817 1511 994 0.700 1555 1034 0.923 1513 1056 0.922 1537 1044 0.811 1545 1048 0.798 1551 1057 1.020 1563 1023 0.794 1563 1023 0.794 1563 1023 0.794 1555 1032 0.709 1555 1032 0.709 1517 1015 0.878 1553 1101 0.965 1530 1065 1.189 1526 1024 0.819 1579 1034 0.949 1522 1018 0.771 1522 1018 0.771 1522 1018 0.771 1593 1096 0.745 1531 1016 0.664 1524 1040 1.050 1542 1046 1.021 1564 1009 0.708 1518 1018 0.919 1578 1031 0.637 1571 1077 0.948 1542 1016 1.158 1561 1093 0.770 1561 1093 0.770 1557 1111 1.049 1522 1034 0.860 1600 1046 0.656 1551 1024 0.532 1553 1044 0.883 1557 1016 0.817 1558 1039 0.643 1572 1131 1.097 1513 1056 0.922 1525 1047 1.135 1537 1013 1.022 1508 1006 0.964 1508 1006 0.964 1563 1032 1.063 1526 1022 0.760 1517 1015 0.878 1517 1015 0.878 1517 1015 0.878 1525 1057 0.852 1553 1101 0.965 1530 1065 1.189 1526 1024 0.819 1523 1011 0.854 1579 1034 0.949 1579 1034 0.949 1522 1018 0.771 1516 1024 1.117 1593 1096 0.745 1531 1016 0.664 1524 1040 1.050 1517 1016 0.944 1526 1022 0.808 1567 1010 0.664 
F 1563 1060 0.867 
PA 1584 1137 0.742 1614 1081 0.885 1545 1053 1.228 1541 1035 0.737 1541 1035 0.737 1623 1124 0.768 1561 1046 0.878 1537 1043 0.928 1593 1105 0.862 1593 1129 0.900 1558 1078 0.923 1587 1051 0.759 1603 1047 0.356 1541 1078 1.057 1550 1054 0.761 1553 1051 0.661 1553 1051 0.661 1547 1060 1.070 1545 1051 0.925 1548 1083 0.846 1543 1091 1.084 1540 1042 0.982 1542 1037 0.792 1633 1132 0.710 1551 1094 1.164 1613 1051 0.788 1588 1046 0.704 1571 1031 0.800 1548 1031 0.872 1551 1102 0.824 1551 1102 0.824 1576 1107 1.195 1582 1047 0.996 1535 1043 1.109 1544 1099 1.205 1555 1055 0.812 1555 1055 0.812 1614 1081 0.885 1541 1035 0.737 1541 1035 0.737 1623 1124 0.768 1561 1046 0.878 1583 1025 0.721 1593 1105 0.862 1589 1119 0.699 1577 1137 0.800 1587 1051 0.759 1589 1171 1.245 1539 1098 1.080 1530 1037 0.929 1550 1054 0.761 1581 1068 1.156 1553 1051 0.661 1553 1051 0.661 1545 1051 0.925 1588 1149 0.913 1543 1091 1.084 1552 1054 1.117 1601 1066 0.960 1542 1037 0.792 1542 1037 0.792 1552 1037 0.871 1551 1094 1.164 1613 1051 0.788 1577 1077 1.023 1571 1031 0.800 1571 1031 0.800 1571 1031 0.800 1571 1031 0.800 1582 1063 0.744 
F 1586 1091 0.872 
PA 1560 1064 0.671 1566 1067 0.989 1624 1080 0.813 1581 1136 0.850 1581 1136 0.850 1562 1087 0.944 1583 1083 0.726 1583 1083 0.726 1573 1060 0.608 1579 1068 0.925 1622 1057 0.646 1625 1143 0.874 1603 1069 0.882 1550 1062 0.877 1593 1084 0.747 1582 1084 1.058 1582 1084 1.058 1608 1174 0.872 1564 1059 0.740 1577 1079 0.939 1588 1086 1.010 1594 1058 0.910 1594 1058 0.910 1607 1069 0.844 1593 1075 0.841 1556 1048 0.646 1657 1161 0.881 1588 1073 0.709 1558 1063 0.633 1624 1165 0.816 1624 1165 0.816 1606 1074 1.016 1586 1081 0.839 1575 1096 1.055 1563 1121 0.854 1560 1064 0.671 1573 1139 1.052 1642 1079 0.796 1624 1080 0.813 1581 1136 0.850 1562 1087 0.944 1560 1149 1.307 1583 1083 0.726 1583 1083 0.726 1573 1060 0.608 1579 1068 0.925 1579 1068 0.925 1625 1143 0.874 1616 1143 0.766 1603 1069 0.882 1550 1062 0.877 1598 1111 1.206 1598 1111 1.206 1593 1084 0.747 1582 1084 1.058 1572 1116 1.393 1564 1059 0.740 1640 1082 0.955 1640 1082 0.955 1607 1069 0.844 1593 1075 0.841 1556 1048 0.646 1556 1048 0.646 1556 1048 0.646 1588 1073 0.709 1624 1165 0.816 1646 1072 0.688 1579 1078 0.991 1575 1096 1.055 1563 1121 0.854 
F 1609 1113 0.861 
PA 1640 1082 0.955 1607 1069 0.844 1556 1048 0.646 1588 1073 0.709 1588 1073 0.709 1575 1096 1.055 1560 1064 0.671 1566 1067 0.989 1624 1080 0.813 1581 1136 0.850 1583 1083 0.726 1573 1060 0.608 1579 1068 0.925 1625 1143 0.874 1625 1143 0.874 1550 1062 0.877 1582 1084 1.058 1564 1059 0.740 1588 1086 1.010 1594 1058 0.910 1594 1058 0.910 1594 1058 0.910 1593 1075 0.841 1593 1075 0.841 1556 1048 0.646 1588 1073 0.709 1558 1063 0.633 1558 1063 0.633 1586 1081 0.839 1586 1081 0.839 1586 1081 0.839 1563 1121 0.854 1560 1064 0.671 1642 1079 0.796 1624 1080 0.813 1583 1083 0.726 1583 1083 0.726 1579 1068 0.925 1579 1068 0.925 1616 1143 0.766 1550 1062 0.877 1550 1062 0.877 1593 1084 0.747 1564 1059 0.740 1640 1082 0.955 1593 1075 0.841 1556 1048 0.646 1556 1048 0.646 1556 1048 0.646 1646 1072 0.688 1579 1078 0.991 1575 1096 1.055 1563 1121 0.854 1566 1067 0.989 1581 1136 0.850 1581 1136 0.850 1583 1083 0.726 1583 1083 0.726 1622 1057 0.646 1603 1069 0.882 1550 1062 0.877 1593 1084 0.747 1582 1084 1.058 1564 1059 0.740 1564 1059 0.740 1564 1059 0.740 1594 1058 0.910 1607 1069 0.844 1556 1048 0.646 1588 1073 0.709 
F 1605 1099 0.813 
PA 1614 1145 1.117 1610 1105 0.850 1619 1090 0.945 1629 1098 0.993 1666 1115 0.833 1576 1068 0.977 1616 1107 1.063 1616 1107 1.063 1579 1094 1.250 1579 1094 1.250 1652 1109 0.809 1608 1085 0.602 1644 1166 0.897 1602 1126 1.180 1601 1110 1.146 1601 1110 1.146 1615 1083 0.870 1615 1083 0.870 1630 1118 1.163 1596 1094 1.064 1618 1116 0.807 1615 1127 1.173 1615 1127 1.173 1614 1134 1.310 1593 1092 0.721 1666 1106 0.853 1649 1106 0.795 1597 1097 0.931 1596 1098 1.211 1586 1105 0.883 1586 1105 0.883 1586 1105 0.883 1583 1114 1.150 1583 1114 1.150 1591 1090 1.016 1624 1112 0.910 1580 1069 0.801 1672 1102 1.073 1598 1144 1.187 1579 1143 1.062 1604 1168 1.067 1613 1117 0.991 1632 1108 1.012 1614 1145 1.117 1595 1089 0.846 1610 1105 0.850 1602 1095 0.790 1629 1098 0.993 1600 1082 0.662 1614 1078 0.836 1613 1110 1.252 1616 1107 1.063 1616 1107 1.063 1601 1136 0.928 1595 1101 0.963 1652 1109 0.809 1608 1085 0.602 1601 1099 0.955 1601 1099 0.955 1644 1166 0.897 1579 1105 1.080 1602 1126 1.180 1579 1073 0.798 1615 1083 0.870 1615 1083 0.870 1625 1114 0.949 1625 1114 0.949 1618 1109 1.042 1618 1116 0.807 1614 1134 1.310 
F 1627 1133 0.980 
PA 1627 1126 1.011 1661 1161 1.183 1639 1110 0.987 1630 1130 0.981 1634 1163 1.455 1631 1149 0.873 1686 1154 1.012 1623 1131 0.982 1595 1142 1.275 1595 1142 1.275 1607 1103 0.865 1640 1121 1.107 1646 1147 1.057 1636 1180 0.967 1642 1205 1.164 1642 1205 1.164 1642 1205 1.164 1645 1132 1.063 1645 1132 1.063 1645 1129 1.196 1645 1129 1.196 1645 1129 1.196 1677 1128 0.958 1631 1138 1.198 1670 1131 0.976 1638 1108 0.711 1681 1211 0.870 1611 1138 1.322 1614 1141 1.209 1646 1116 0.754 1610 1123 1.190 1644 1138 0.600 1620 1153 1.263 1692 1139 0.960 1621 1136 1.092 1611 1137 1.157 1596 1120 1.061 1600 1156 1.222 1596 1145 1.212 1648 1140 0.852 1625 1115 0.798 1604 1161 1.269 1624 1211 1.184 1632 1158 1.267 1636 1199 1.263 1627 1126 1.011 1627 1126 1.011 1661 1161 1.183 1639 1110 0.987 1639 1110 0.987 1630 1130 0.981 1634 1163 1.455 1686 1154 1.012 1686 1154 1.012 1635 1105 0.674 1618 1120 0.879 1618 1120 0.879 1623 1131 0.982 1679 1208 0.868 1607 1103 0.865 1644 1127 1.103 1644 1127 1.103 1644 1127 1.103 1640 1121 1.107 1640 1121 1.107 1646 1147 1.057 1646 1147 1.057 1636 1180 0.967 1640 1144 0.957 1645 1132 1.063 
F 1651 1168 1.058 
PA 1700 1172 1.184 1646 1176 1.160 1681 1152 1.164 1616 1157 1.330 1617 1193 1.828 1676 1149 0.936 1676 1149 0.936 1629 1178 1.293 1718 1183 1.128 1718 1183 1.128 1621 1168 1.393 1621 1168 1.393 1616 1197 1.144 1617 1197 1.131 1670 1168 0.917 1652 1147 0.938 1615 1213 1.440 1645 1242 1.446 1645 1242 1.446 1646 1162 1.174 1654 1138 1.223 1658 1175 1.043 1639 1207 1.452 1707 1184 0.957 1662 1133 0.956 1662 1133 0.956 1646 1152 0.807 1636 1139 0.908 1657 1166 1.398 1657 1152 1.086 1671 1186 0.932 1666 1182 0.980 1664 1177 1.305 1674 1151 0.756 1666 1194 0.970 1602 1169 1.336 1631 1145 1.230 1661 1163 1.103 1651 1230 1.237 1652 1228 1.129 1652 1228 1.129 1666 1170 1.088 1666 1170 1.088 1659 1171 1.282 1646 1176 1.160 1646 1176 1.160 1659 1134 1.077 1616 1157 1.330 1617 1193 1.828 1638 1213 1.304 1718 1183 1.128 1718 1183 1.128 1621 1168 1.393 1616 1197 1.144 1617 1197 1.131 1670 1168 0.917 1652 1147 0.938 1615 1213 1.440 1638 1257 1.376 1638 1257 1.376 1643 1158 1.227 1643 1158 1.227 1681 1226 1.382 1654 1138 1.223 1654 1138 1.223 1654 1137 1.149 1639 1207 1.452 1706 1199 1.316 1707 1184 0.957 1662 1133 0.956 
F 1665 1205 1.182 
PA 1693 1180 1.172 1693 1180 1.172 1739 1222 1.003 1737 1219 1.018 1737 1219 1.018 1626 1208 1.496 1635 1231 1.048 1702 1203 0.750 1620 1262 1.487 1646 1267 1.605 1657 1188 1.137 1657 1188 1.137 1657 1188 1.137 1675 1200 1.247 1686 1226 1.103 1641 1224 1.426 1728 1217 1.031 1697 1181 0.927 1679 1160 1.007 1671 1178 0.778 1664 1195 1.271 1664 1195 1.271 1696 1210 0.604 1673 1225 1.436 1673 1225 1.436 1690 1245 1.277 1648 1200 1.304 1683 1210 1.173 1662 1286 1.540 1662 1262 1.433 1687 1216 1.178 1665 1214 1.583 1652 1190 1.205 1652 1190 1.205 1626 1217 1.473 1651 1265 1.340 1651 1265 1.340 1651 1265 1.340 1733 1219 1.205 1733 1219 1.205 1629 1204 1.295 1632 1259 1.537 1632 1259 1.537 1632 1259 1.537 1674 1180 1.016 1616 1242 1.629 1647 1297 1.358 1657 1201 1.262 1684 1258 1.543 1665 1183 1.437 1666 1185 1.388 1666 1185 1.388 1671 1171 1.052 1709 1230 1.632 1684 1177 1.248 1684 1177 1.248 1684 1177 1.248 1657 1200 1.150 1626 1186 1.142 1626 1186 1.142 1693 1173 0.908 1639 1205 1.146 1639 1205 1.146 1627 1199 1.362 1625 1216 1.182 1635 1231 1.048 1620 1262 1.487 1620 1262 1.487 1655 1289 1.288 1657 1188 1.137 
F 1674 1244 1.251 
PA 1671 1178 0.778 1664 1195 1.271 1664 1195 1.271 1673 1225 1.436 1648 1200 1.304 1683 1210 1.173 1687 1216 1.178 1687 1216 1.178 1652 1190 1.205 1651 1265 1.340 1651 1265 1.340 1733 1219 1.205 1733 1219 1.205 1632 1259 1.537 1632 1259 1.537 1647 1297 1.358 1657 1201 1.262 1684 1258 1.543 1684 1258 1.543 1665 1183 1.437 1665 1183 1.437 1666 1185 1.388 1666 1185 1.388 1709 1230 1.632 1684 1177 1.248 1684 1177 1.248 1684 1177 1.248 1684 1177 1.248 1626 1186 1.142 1693 1173 0.908 1639 1205 1.146 1627 1199 1.362 1635 1231 1.048 1620 1262 1.487 1655 1289 1.288 1693 1180 1.172 1693 1180 1.172 1693 1180 1.172 1626 1208 1.496 1620 1262 1.487 1657 1188 1.137 1657 1188 1.137 1686 1226 1.103 1728 1217 1.031 1671 1178 0.778 1664 1195 1.271 1664 1195 1.271 1673 1225 1.436 1648 1200 1.304 1662 1262 1.433 1687 1216 1.178 1652 1190 1.205 1652 1190 1.205 1652 1190 1.205 1651 1265 1.340 1651 1265 1.340 1651 1265 1.340 1651 1265 1.340 1733 1219 1.205 1632 1259 1.537 1632 1259 1.537 1632 1259 1.537 1632 1259 1.537 1647 1297 1.358 1657 1201 1.262 1657 1201 1.262 1665 1183 1.437 1666 1185 1.388 1709 1230 1.632 1684 1177 1.248 
F 1673 1246 1.298 
PA 1698 1231 1.394 1696 1223 1.384 1642 1233 1.342 1651 1246 1.406 1621 1295 1.590 1621 1295 1.590 1704 1206 1.189 1707 1239 1.499 1625 1258 1.688 1674 1234 1.314 1670 1222 1.274 1671 1245 1.596 1673 1267 1.711 1656 1241 1.463 1694 1252 1.573 1676 1239 1.027 1668 1242 1.342 1656 1326 1.628 1656 1326 1.628 1655 1306 1.614 1658 1320 1.550 1628 1301 1.829 1633 1300 1.561 1633 1281 1.510 1668 1233 1.224 1670 1243 1.272 1679 1231 1.204 1692 1220 1.532 1714 1228 0.920 1684 1245 1.120 1682 1238 1.086 1677 1262 1.490 1704 1266 1.254 1709 1280 1.307 1670 1241 1.261 1662 1303 1.260 1675 1342 1.188 1675 1342 1.188 1756 1282 1.245 1633 1301 1.579 1633 1301 1.594 1649 1359 1.703 1680 1299 1.786 1665 1249 1.705 1667 1222 1.717 1667 1222 1.717 1669 1226 1.598 1669 1226 1.598 1669 1226 1.598 1704 1268 1.790 1698 1231 1.394 1696 1223 1.384 1642 1233 1.342 1651 1246 1.406 1651 1246 1.406 1633 1241 1.488 1621 1295 1.590 1704 1206 1.189 1707 1239 1.499 1674 1234 1.314 1670 1222 1.274 1671 1245 1.596 1679 1251 1.346 1656 1241 1.463 1666 1294 1.469 1666 1294 1.469 1676 1239 1.027 1668 1242 1.342 1655 1306 1.614 1749 1256 1.123 
F 1674 1289 1.434 
PA 1679 1294 1.807 1665 1347 1.695 1670 1259 1.555 1761 1284 1.221 1697 1280 1.794 1649 1268 1.355 1652 1292 1.697 1615 1359 1.763 1723 1259 1.257 1714 1277 1.268 1693 1284 1.087 1665 1307 1.832 1664 1281 1.272 1684 1303 1.961 1700 1304 1.413 1700 1304 1.413 1649 1389 1.760 1602 1365 2.085 1602 1365 2.085 1688 1302 1.362 1691 1301 1.178 1687 1261 1.436 1687 1261 1.436 1713 1305 1.177 1679 1319 1.598 1679 1319 1.598 1684 1296 1.372 1684 1296 1.372 1691 1376 1.101 1772 1327 1.217 1633 1365 1.573 1667 1338 2.027 1667 1338 2.027 1666 1282 1.458 1666 1282 1.458 1694 1294 2.032 1701 1274 1.549 1650 1269 1.355 1650 1269 1.355 1660 1286 1.316 1723 1270 1.363 1708 1274 1.598 1687 1277 1.231 1679 1294 1.807 1658 1272 1.551 1672 1329 1.334 1649 1343 1.866 1649 1343 1.866 1697 1280 1.794 1649 1268 1.355 1652 1292 1.697 1615 1359 1.763 1614 1305 1.904 1693 1284 1.087 1693 1284 1.087 1668 1297 1.652 1665 1307 1.832 1665 1307 1.832 1664 1281 1.272 1675 1271 1.314 1649 1389 1.760 1659 1354 1.532 1602 1365 2.085 1602 1365 2.085 1602 1365 2.085 1627 1349 1.836 1691 1301 1.178 1687 1261 1.436 1713 1305 1.177 1720 1322 1.323 
F 1672 1337 1.556 
PA 1669 1341 1.440 1657 1338 1.846 1673 1312 1.289 1673 1312 1.289 1673 1312 1.289 1685 1309 1.315 1642 1426 1.741 1662 1391 1.438 1662 1391 1.438 1574 1401 2.353 1712 1353 1.215 1712 1353 1.215 1698 1306 1.212 1727 1352 1.339 1672 1290 1.427 1769 1320 1.498 1634 1356 1.992 1586 1432 2.131 1728 1326 1.355 1670 1312 1.472 1672 1344 1.762 1703 1328 1.416 1648 1415 1.413 1588 1389 2.136 1691 1335 1.599 1697 1331 1.548 1687 1327 1.714 1694 1294 1.289 1674 1378 1.720 1691 1338 1.449 1679 1356 1.948 1780 1369 1.516 1643 1379 2.151 1665 1336 1.720 1666 1323 1.677 1700 1302 1.669 1661 1340 1.474 1661 1340 1.474 1724 1314 1.762 1724 1314 1.762 1696 1302 1.218 1658 1288 1.538 1675 1371 1.675 1630 1385 2.100 1691 1303 1.837 1691 1303 1.837 1648 1313 1.844 1607 1389 1.906 1707 1312 1.136 1707 1312 1.136 1707 1312 1.136 1657 1338 1.846 1657 1338 1.846 1652 1342 2.018 1673 1312 1.289 1685 1309 1.315 1642 1426 1.741 1578 1414 1.961 1574 1401 2.353 1568 1411 2.328 1568 1411 2.328 1616 1388 1.863 1616 1388 1.863 1616 1388 1.863 1730 1340 1.065 1727 1352 1.339 1672 1290 1.427 1769 1320 1.498 1653 1317 1.623 1586 1432 2.131 
F 1666 1377 1.634 
PA 1606 1426 1.810 1591 1437 2.208 1681 1337 1.361 1765 1358 1.811 1646 1361 1.854 1674 1372 1.392 1640 1373 2.168 1640 1373 2.168 1689 1372 1.351 1689 1372 1.351 1688 1367 1.338 1692 1346 1.478 1692 1346 1.478 1662 1437 1.718 1726 1411 1.450 1736 1396 1.427 1673 1329 1.678 1771 1361 1.511 1611 1408 2.007 1671 1374 1.643 1671 1374 1.643 1711 1370 1.381 1711 1370 1.381 1711 1370 1.381 1561 1428 2.205 1561 1428 2.205 1698 1382 1.561 1698 1382 1.561 1666 1413 1.846 1667 1381 2.062 1667 1381 2.062 1635 1394 1.998 1653 1390 1.849 1655 1388 1.786 1699 1317 1.564 1663 1385 1.581 1714 1347 1.921 1714 1347 1.921 1716 1349 1.794 1705 1337 1.398 1656 1331 1.684 1609 1422 2.061 1678 1366 1.692 1678 1366 1.692 1637 1347 1.923 1637 1347 1.923 1716 1350 1.504 1727 1353 1.077 1646 1388 1.704 1646 1388 1.704 1633 1376 2.126 1683 1341 1.232 1561 1440 2.333 1561 1440 2.333 1547 1432 2.368 1515 1443 2.859 1515 1443 2.859 1606 1426 1.810 1606 1426 1.810 1734 1399 1.514 1734 1399 1.514 1681 1337 1.361 1765 1358 1.811 1646 1361 1.854 1646 1361 1.854 1640 1373 2.168 1689 1372 1.351 1688 1367 1.338 1688 1367 1.338 1631 1470 1.889 
F 1658 1411 1.751 
PA 1681 1337 1.361 1646 1361 1.854 1646 1361 1.854 1674 1372 1.392 1640 1373 2.168 1640 1373 2.168 1692 1346 1.478 1692 1346 1.478 1726 1411 1.450 1673 1329 1.678 1611 1408 2.007 1611 1408 2.007 1671 1374 1.643 1671 1374 1.643 1711 1370 1.381 1711 1370 1.381 1561 1428 2.205 1561 1428 2.205 1698 1382 1.561 1666 1413 1.846 1666 1413 1.846 1667 1381 2.062 1667 1381 2.062 1667 1381 2.062 1635 1394 1.998 1699 1317 1.564 1714 1347 1.921 1714 1347 1.921 1705 1337 1.398 1656 1331 1.684 1678 1366 1.692 1678 1366 1.692 1637 1347 1.923 1716 1350 1.504 1646 1388 1.704 1646 1388 1.704 1633 1376 2.126 1561 1440 2.333 1515 1443 2.859 1515 1443 2.859 1606 1426 1.810 1734 1399 1.514 1734 1399 1.514 1765 1358 1.811 1646 1361 1.854 1640 1373 2.168 1689 1372 1.351 1606 1426 1.810 1591 1437 2.208 1681 1337 1.361 1646 1361 1.854 1640 1373 2.168 1689 1372 1.351 1692 1346 1.478 1692 1346 1.478 1692 1346 1.478 1726 1411 1.450 1736 1396 1.427 1771 1361 1.511 1611 1408 2.007 1671 1374 1.643 1671 1374 1.643 1671 1374 1.643 1711 1370 1.381 1711 1370 1.381 1711 1370 1.381 1711 1370 1.381 1561 1428 2.205 1561 1428 2.205 1698 1382 1.561 
F 1658 1409 1.761 
PA 1730 1443 1.826 1730 1443 1.826 1733 1446 1.674 1733 1446 1.674 1637 1399 1.751 1609 1426 2.052 1609 1426 2.052 1588 1441 2.342 1683 1352 1.478 1683 1352 1.478 1621 1397 2.340 1621 1397 2.340 1684 1391 2.004 1689 1407 1.756 1689 1407 1.756 1735 1411 1.842 1776 1426 1.491 1668 1416 1.666 1668 1416 1.654 1717 1414 1.485 1717 1414 1.485 1714 1442 1.671 1681 1448 2.086 1639 1400 1.634 1639 1400 1.634 1631 1403 1.968 1611 1416 2.177 1697 1395 1.441 1672 1371 1.539 1607 1415 2.007 1645 1448 2.186 1713 1407 1.660 1536 1462 2.190 1536 1462 2.190 1689 1420 2.049 1641 1479 2.018 1638 1433 2.104 1619 1443 2.389 1619 1443 2.389 1665 1389 1.672 1625 1410 2.257 1688 1376 2.699 1684 1397 2.310 1649 1371 1.843 1672 1393 1.909 1596 1405 2.458 1636 1427 1.939 1636 1427 1.939 1642 1428 1.661 1610 1408 2.299 1610 1408 2.299 1490 1448 2.999 1464 1451 3.123 1730 1443 1.826 1753 1409 1.790 1637 1399 1.751 1637 1399 1.751 1692 1418 1.658 1595 1448 2.210 1683 1352 1.478 1621 1397 2.340 1694 1371 1.444 1729 1451 1.519 1776 1426 1.491 1668 1416 1.666 1668 1416 1.666 1668 1416 1.666 1668 1416 1.666 1668 1416 1.666 1668 1416 1.654 
F 1648 1444 1.906 
PA 1608 1460 2.626 1608 1460 2.626 1568 1441 2.630 1715 1480 2.057 1738 1464 1.883 1687 1454 1.734 1684 1393 1.645 1573 1435 2.601 1641 1476 2.323 1658 1461 1.888 1658 1461 1.888 1668 1452 1.508 1720 1470 1.991 1720 1470 1.991 1719 1505 1.938 1721 1494 1.966 1721 1494 1.966 1583 1466 2.229 1675 1396 2.017 1592 1421 2.541 1659 1433 2.200 1659 1433 2.200 1685 1430 1.738 1712 1456 2.255 1666 1439 1.641 1664 1454 1.715 1702 1486 1.984 1643 1496 2.411 1607 1432 2.547 1696 1427 1.742 1669 1399 1.746 1614 1485 2.347 1698 1444 2.237 1508 1489 2.560 1612 1521 2.341 1583 1470 2.625 1654 1427 2.009 1647 1427 2.590 1631 1408 2.183 1538 1442 2.697 1627 1442 2.271 1640 1444 1.742 1568 1441 2.630 1715 1480 2.057 1620 1456 1.980 1687 1454 1.734 1566 1484 2.275 1684 1393 1.645 1692 1436 1.761 1692 1436 1.761 1692 1436 1.761 1641 1476 2.323 1658 1461 1.888 1657 1467 1.888 1720 1470 1.991 1720 1470 1.991 1725 1458 1.876 1719 1505 1.938 1615 1455 2.143 1584 1464 2.247 1584 1464 2.247 1567 1464 2.269 1675 1396 2.017 1590 1427 2.424 1590 1427 2.424 1659 1433 2.200 1667 1454 2.237 1685 1430 1.738 1777 1482 1.609 1666 1439 1.641 
F 1639 1479 2.092 
PA 1526 1490 2.974 1526 1490 2.974 1634 1436 2.587 1608 1450 1.959 1501 1456 2.853 1540 1451 3.014 1686 1517 2.423 1531 1514 2.622 1531 1514 2.622 1679 1432 1.734 1689 1450 1.798 1685 1484 1.685 1671 1472 2.476 1620 1494 2.530 1620 1494 2.530 1627 1518 2.304 1707 1498 2.027 1707 1498 2.027 1712 1488 2.094 1712 1488 2.094 1712 1488 2.094 1598 1476 2.365 1539 1509 2.459 1552 1477 2.589 1576 1445 1.955 1554 1463 2.253 1642 1480 2.439 1676 1449 2.251 1656 1493 1.867 1656 1493 1.867 1552 1482 2.899 1694 1509 2.338 1724 1502 2.002 1724 1502 2.002 1540 1448 2.907 1642 1494 2.158 1642 1494 2.158 1706 1495 2.192 1706 1495 2.192 1693 1506 2.436 1701 1548 1.985 1703 1531 2.056 1703 1531 2.056 1657 1431 2.090 1613 1470 2.749 1681 1451 1.751 1681 1451 1.751 1651 1489 2.066 1695 1503 1.973 1549 1456 2.958 1656 1445 1.985 1682 1458 2.631 1682 1458 2.631 1682 1458 2.631 1583 1546 2.495 1583 1546 2.495 1628 1451 2.820 1608 1450 1.959 1608 1450 1.959 1577 1484 2.635 1628 1497 1.838 1628 1497 1.838 1686 1517 2.423 1686 1517 2.423 1592 1496 2.380 1531 1514 2.622 1679 1432 1.734 1689 1450 1.798 1689 1450 1.798 1620 1494 2.530 
F 1618 1506 2.281 
PA 1620 1494 2.530 1627 1518 2.304 1707 1498 2.027 1707 1498 2.027 1712 1488 2.094 1598 1476 2.365 1552 1477 2.589 1552 1477 2.589 1552 1477 2.589 1576 1445 1.955 1676 1449 2.251 1552 1482 2.899 1724 1502 2.002 1724 1502 2.002 1724 1502 2.002 1724 1502 2.002 1642 1494 2.158 1642 1494 2.158 1642 1494 2.158 1706 1495 2.192 1706 1495 2.192 1693 1506 2.436 1701 1548 1.985 1701 1548 1.985 1703 1531 2.056 1657 1431 2.090 1613 1470 2.749 1651 1489 2.066 1656 1445 1.985 1682 1458 2.631 1682 1458 2.631 1682 1458 2.631 1682 1458 2.631 1628 1451 2.820 1608 1450 1.959 1608 1450 1.959 1577 1484 2.635 1686 1517 2.423 1686 1517 2.423 1686 1517 2.423 1686 1517 2.423 1686 1517 2.423 1592 1496 2.380 1531 1514 2.622 1689 1450 1.798 1620 1494 2.530 1608 1450 1.959 1501 1456 2.853 1531 1514 2.622 1531 1514 2.622 1689 1450 1.798 1620 1494 2.530 1620 1494 2.530 1707 1498 2.027 1707 1498 2.027 1707 1498 2.027 1712 1488 2.094 1712 1488 2.094 1712 1488 2.094 1598 1476 2.365 1598 1476 2.365 1552 1477 2.589 1554 1463 2.253 1676 1449 2.251 1656 1493 1.867 1552 1482 2.899 1694 1509 2.338 1724 1502 2.002 1724 1502 2.002 1642 1494 2.158 
F 1629 1510 2.287 
PA 1651 1471 2.847 1591 1455 -3.054 1587 1501 1.972 1524 1501 3.021 1666 1531 2.638 1653 1542 2.568 1639 1552 2.582 1639 1552 2.582 1567 1517 2.498 1677 1486 1.998 1574 1519 2.768 1459 1463 3.102 1493 1529 2.865 1569 1510 3.141 1569 1510 3.141 1569 1510 3.141 1677 1544 2.258 1696 1521 2.008 1663 1533 2.695 1682 1526 2.409 1568 1497 2.692 1511 1494 2.903 1538 1479 2.446 1643 1482 2.473 1646 1516 2.082 1514 1492 2.875 1706 1536 2.114 1712 1530 1.917 1621 1522 2.293 1600 1545 2.419 1657 1553 2.596 1657 1553 2.596 1682 1522 2.500 1513 1495 2.852 1500 1498 2.932 1525 1494 2.607 1646 1482 2.342 1514 1495 2.723 1697 1548 2.186 1697 1548 2.186 1705 1536 2.152 1705 1536 2.152 1616 1528 2.298 1605 1540 2.361 1608 1538 2.303 1675 1529 2.429 1659 1529 2.672 1679 1594 2.061 1679 1594 2.061 1686 1561 2.146 1568 1484 2.913 1626 1507 2.043 1626 1507 2.043 1632 1482 2.754 1657 1476 2.388 1645 1476 2.758 1651 1471 2.847 1582 1497 2.207 1587 1501 1.972 1524 1501 3.021 1524 1501 3.021 1666 1531 2.638 1666 1531 2.638 1660 1536 2.612 1567 1517 2.498 1492 1541 2.437 1574 1519 2.768 1594 1471 2.366 1459 1463 3.102 1487 1536 2.733 
F 1585 1533 2.537 
PA 1616 1562 2.212 1699 1547 2.058 1692 1569 2.202 1574 1561 2.610 1565 1575 2.454 1601 1586 2.610 1662 1540 2.300 1662 1540 2.300 1472 1503 3.008 1481 1508 2.801 1678 1572 2.308 1685 1566 2.200 1679 1566 2.401 1686 1565 2.149 1612 1533 2.179 1569 1568 2.594 1651 1550 2.410 1623 1543 2.875 1656 1627 2.314 1640 1654 2.226 1667 1584 2.361 1594 1502 2.593 1594 1502 2.593 1630 1494 2.719 1601 1484 3.136 1558 1529 2.197 1558 1529 2.197 1472 1496 -2.850 1631 1556 2.391 1631 1556 2.391 1541 1530 2.816 1471 1558 2.467 1543 1503 2.796 1458 1463 -3.104 1458 1463 -3.104 1602 1480 3.085 1602 1480 3.085 1478 1504 3.123 1638 1543 2.847 1598 1576 2.640 1516 1543 2.838 1561 1525 2.596 1518 1518 2.811 1522 1500 -2.737 1606 1553 2.911 1533 1510 2.893 1503 1496 2.929 1515 1502 2.319 1639 1485 2.336 1464 1496 -3.007 1699 1547 2.058 1574 1561 2.610 1601 1586 2.610 1601 1586 2.610 1601 1586 2.610 1629 1566 2.791 1662 1540 2.300 1662 1540 2.300 1472 1503 3.008 1481 1508 2.801 1678 1572 2.308 1679 1566 2.401 1686 1565 2.149 1612 1533 2.179 1558 1584 2.503 1651 1550 2.410 1651 1550 2.410 1623 1543 2.875 1640 1654 2.226 1640 1654 2.226 
F 1569 1559 2.585 
PA 1616 1684 2.282 1616 1684 2.282 1659 1602 2.482 1523 1608 2.516 1630 1578 2.265 1447 1505 -3.137 1447 1515 3.084 1645 1604 2.439 1645 1604 2.439 1662 1584 2.273 1647 1608 2.473 1581 1578 2.175 1621 1572 2.599 1580 1711 2.534 1624 1618 2.566 1555 1528 2.465 1590 1514 2.624 1554 1483 -3.089 1529 1559 2.489 1529 1559 2.489 1597 1581 2.645 1590 1600 2.277 1496 1544 2.878 1496 1544 2.878 1424 1589 2.671 1500 1514 2.996 1500 1514 2.996 1432 1462 -3.140 1574 1482 3.056 1564 1473 -2.713 1557 1594 2.823 1479 1544 -2.907 1479 1544 -2.907 1512 1546 2.869 1512 1546 2.869 1512 1546 2.869 1465 1528 2.856 1465 1528 2.856 1612 1512 2.383 1675 1589 2.128 1566 1604 2.732 1566 1604 2.732 1557 1604 2.880 1660 1543 2.346 1589 1597 2.657 1589 1597 2.657 1589 1597 2.657 1430 1509 2.979 1455 1523 2.460 1653 1595 2.467 1658 1587 2.301 1591 1560 2.321 1630 1566 2.562 1615 1580 2.493 1616 1684 2.282 1595 1589 2.272 1595 1589 2.272 1659 1602 2.482 1590 1595 2.315 1633 1577 2.182 1447 1515 3.084 1645 1604 2.439 1654 1607 2.214 1662 1584 2.273 1662 1584 2.273 1647 1608 2.473 1550 1576 2.838 1621 1572 2.599 1621 1572 2.599 1611 1544 -3.131 
F 1547 1585 2.629 
